1240150
4046366
4477614
3967254
3787324
1706773
4144473
3211509
4078641
1783371
2777835
2290731
4352944
3567572
2987559
2647539
3334287
4280357
3975758
4618474
5061965
2820205
5062772
4818654
5041319
1522276
2153421
1976352
3379003
3523117
2562016
4031907
3972879
2024993
1970134
3850526
3976242
3095435
3646099
3978507
4657951
3105207
5004709
2108993
2401276
3234262
4268129
4569999
3377713
3496149
2572575
2275718
3050287
2445714
2420240
2332139
3238840
4215502
2491745
4782520
5005616
3616950
816353
5057644
2799763
2459879
4307763
3178630
783666
1031807
1669258
1813074
2555906
2057463
2854194
3089352
4931373
1431368
4500409
1242630
3487353
3675719
2907476
4300903
5029253
3743239
2173310
4005800
4315252
4920859
1802700
1565287
3104332
1269000
2679702
4015421
3786401
2508276
3092117
1313892
2087156
4822298
1849888
4829922
5001110
2443797
4262651
849152
1492595
1691569
4864791
1854345
2099005
2814073
4838501
4472972
3301534
4966157
4827391
2075119
4047637
2144373
2316104
5055562
5073445
4914777
4952813
3082083
3893305
4647734
4670284
3992341
4020411
2019839
2614441
3802163
1840626
1434953
2288469
4794206
2051113
3778530
4376987
2807497
4017989
1059637
2491048
3007822
4388434
5056291
1870929
1814258
697296
2903828
2463165
4093922
3246346
1667362
1667771
2033354
2298167
2209687
1940869
3450627
4817619
1667249
1748661
2813266
2277328
1564419
607213
2027482
1286784
3212739
1667397
2971492
4892865
3692854
4019807
3555360
5050331
1772392
603051
1392981
2418046
1666998
1942378
3483542
2704004
2317407
2680688
4516265
3067270
2381820
739385
1952248
5069550
1667349
3687374
5004401
3983453
2871098
2502463
2530218
1890922
2067349
2866314
4073115
3344221
1690639
1892859
3147629
4066604
3085758
1739324
1499869
1770993
4994690
1869554
3635111
2874945
2326014
2615449
1840498
4441157
3223743
4334618
2279407
3171909
2070453
2092724
4285881
974028
4033926
2295590
1287816
614771
4135633
2292958
4589763
4684397
3273875
1869393
2836556
2665631
2802371
4811146
1391596
2220052
4258447
2545619
4700081
941272
1667175
3420848
3699913
2611285
1325842
4463826
2712368
1675369
1524301
2428443
2050852
2196039
4863158
1426787
4259194
3631104
602637
3236824
2817378
4541174
2446536
3539356
4844354
3614214
3470006
5059127
1423249
1508697
1272685
1791325
1412923
644587
2014416
4261492
953326
2208643
2421515
1799642
3754657
1043312
2391435
1461149
1466429
2286432
1770756
2724283
1854657
2834852
3718388
3163120
3536058
2391360
2825790
1203195
1667525
1436716
3872532
3097651
3031491
3396249
2881232
1935764
3502956
4402284
4080051
2167305
3724232
2148321
1500186
2769052
3890091
3992272
4553492
2052482
2388082
2497269
3860174
1704600
2535483
2934577
2387817
2998918
2240454
1942033
3450405
2031163
1354447
739503
2233604
2008251
2018835
2556422
1996259
3559690
4050627
1613478
1969700
4868822
4209567
2388639
2326199
1373744
2098753
2169800
3102844
2278656
2852041
4054656
3213659
2392746
3855411
3191029
1769126
4022646
4590537
1504556
1403407
4425967
3626946
4091268
3885367
602764
3235426
602625
1577641
2769846
2480426
1916319
4658723
2841798
1668229
4445182
3690178
1335453
2470824
1750500
4359832
2716197
3017942
4089605
2088639
1883009
3103590
4477852
2065293
1740337
1901913
2877782
2367607
4252095
1667401
3104132
3601633
1302331
1939076
3319843
3072706
1133139
880683
1345756
3597979
1693245
2266160
1788366
1975753
1784533
3744583
2052251
3085625
2569302
4429373
2980255
1642214
706809
3408196
1980178
1986569
5004662
2103607
1745282
858747
2206389
3437184
2289545
1888002
2888550
3146800
3158131
3034965
2635778
4077742
2693825
3880008
1706582
2002942
2696441
1448664
2863465
3868189
3696902
2381381
1380015
1491490
2516739
3350435
1461616
3675308
2522752
3142611
1772618
4393266
3951937
2292674
1802767
628471
2698861
1918664
2577224
2692414
2783961
4808089
1861109
2650414
3099948
1847688
1691027
1674821
4362604
2402259
2797316
3081545
2836427
3560592
3803571
836612
4197868
2827471
1738507
3940328
1591258
4746131
2285873
3838368
4941486
4628233
2091499
2183917
4836246
5058036
1574416
4072763
2083257
2094301
2975077
2061093
3977041
2014742
3187942
1356642
2778315
2620500
2714087
2614317
2941991
4268627
3416638
3078829
2814269
2560542
2628854
4055938
3788565
2008934
2394918
3623226
1761978
3939187
1530435
2505319
4334037
810325
1801838
2374440
2740659
2665172
3193419
4045385
4263601
2671906
3399791
2251988
980792
3105472
3569104
4252713
5057330
3372386
4652234
1866096
1634487
4077476
3628830
2768121
1197970
3759689
2084970
4492586
3311417
3873297
2492099
2810853
2101383
2634372
991057
2387919
4063348
1897580
2402931
1836684
2307355
3119600
1626816
1868534
3820447
3808788
3073250
2299605
5005439
2322329
2128796
4596632
4929863
4462787
3211481
2441620
4482559
2235049
894184
2350280
1264464
1891639
2374679
1201472
2087183
3181559
1294405
1627117
3242964
2127173
4072815
2869641
2811017
3634500
1427534
3984819
2884633
4586426
4409464
722912
1667432
724149
2847836
2951910
2089024
1668083
4821782
1754458
2807473
1237392
3037215
3586825
1881203
1552619
3285047
4604648
2285457
3072899
3575079
1957814
2033259
1682526
4452397
2248031
2564879
2300423
4172669
2572587
3641332
2780751
3214438
3269100
4927226
2335701
3612801
3907487
1105440
4488953
3135857
2797229
4268865
5058953
1464777
1546555
3237974
3716643
3482120
2759132
4337466
4510311
3480689
4999365
2826966
2450192
2681832
608805
946417
3039194
1640871
3170944
4450326
1678061
2145975
3103834
2932784
2752997
2583862
2252815
4082707
4961686
2225370
2978464
2063413
1541387
3781850
4147751
2134607
1311107
3361615
2391786
2602090
2636223
1612102
1824002
2816855
3814209
1835228
1929215
1906684
2534810
2487180
4444640
2142614
3289763
815764
3164896
1706387
4881461
2771678
1781883
5006359
3897760
4641398
1625184
4170651
4295495
1542423
2299098
4344779
3429294
2247793
1637143
3743865
3334482
4279789
4026774
3067732
2397478
4710880
4966262
3233603
2203698
2055149
2791214
1402864
2083302
2559057
2481413
2317525
3795516
1624634
1354548
1952268
1765838
1984973
4651141
2404036
906971
1163270
2971682
3901800
5023486
2682568
5049187
2938293
4234801
1467630
1944003
2841429
4997039
2327860
3919097
3528101
1904854
2519011
1455654
3787933
3208338
4161840
4040449
1184091
3961545
2469404
3104320
3332959
4021589
2140628
4673742
1842894
2323808
1417978
4573860
1682594
829215
2072776
4293046
4948707
3921994
3058668
3868461
3428359
3658951
4999116
1716451
733092
3718830
768456
2162765
2984565
1791981
2874830
2685375
624635
1466273
2261748
1596453
3144310
3082387
4896551
4698060
3323833
2830044
4327373
4491986
3906111
3439236
4314549
3655434
3555926
1760674
2148541
3846176
3108383
624263
3119910
3691872
3285674
4229096
969653
3445025
4814866
946862
3193444
2842455
3986879
1775998
1553850
3243470
3016364
4477655
1343322
2526352
4332966
2648630
3964247
2989127
975664
1088087
2871083
2550403
1626258
1536798
2630125
3103833
2738960
3799936
1537137
2803603
4803230
4506883
3191673
4019775
1974977
2885272
4830288
1779327
3500868
2863927
2253287
1395458
1512989
2224790
2391818
1742585
2842536
1894642
2011482
3113548
2588027
3011400
2278908
3241014
3598705
3960279
2793651
1760090
2483581
4995519
2863982
1188906
2361974
2259644
2221851
2209926
3103878
2948968
3984881
4801427
3708892
1190766
3713513
3648777
4549834
4798897
1810855
1971609
2305154
2464818
3453826
4083855
1765439
1643988
3136530
3290035
4578512
1485793
1940343
1542754
1667241
2149502
2866959
1817931
4888142
3825144
1189272
2628219
2366923
3392079
2306370
1412983
2336190
4212100
3673735
4487501
1455545
1807282
1685447
5031407
3260471
2345564
1667766
602567
1528917
2242375
3574547
3089371
2692707
3564465
3664122
2238291
2087302
1822831
3390383
1071712
4186408
4605996
671416
1029225
3868222
4179206
683513
622018
5026732
4131295
3547086
1911688
2331673
4762671
3884299
4702347
2513110
2001861
4498799
2081093
3136796
910624
2161909
2116069
4411469
4389855
3800317
3666703
1998168
2325372
4183255
3130954
4575564
2735471
2397455
4668408
4716854
2253138
2902775
5002776
1986929
4049262
3037453
936885
2817252
3309001
3539507
2835252
3411163
674582
1970137
2294455
2237470
1668281
3866524
2647570
2873719
4387834
2753202
3104970
3271247
4358643
3009985
1909936
4662986
3294311
2880207
4288767
3727432
2502207
1114095
1918807
2625574
3183019
2892900
1834995
4518652
2723541
4543912
4592810
1188572
3897806
3180973
3618672
681361
2100085
2563884
2363502
3278401
3009724
2398216
2864460
1508074
1581837
3996986
1826003
2471807
1871611
3842213
3270161
1969285
2550664
4124759
4747971
1329011
1684513
4669861
1822842
2225352
4353097
1674521
3551773
2354096
4198775
915558
2234322
1811261
2489500
3234152
4197555
3631968
1557186
4085882
2622001
4152975
2086934
3272351
5055673
1448016
859377
1031174
3595273
2022988
1241427
2559899
2825986
4418735
3305258
1787380
1306159
2102404
2657083
4838313
2747014
4561458
664778
1638197
3860226
2446154
4252006
4680841
4320247
5056666
4640021
4839955
4691786
4397564
720612
4792710
1069412
3382354
1464321
1803615
3103620
3241175
3833719
1405059
2938011
1861281
3886971
4832712
1674871
1023316
2900029
3176674
1827760
1310954
1768034
2598511
2393579
4131410
4530463
4235239
1627490
3718389
1186719
1154721
2364256
1320288
1943734
1896924
2199470
2288823
3440029
4522355
4815783
2003989
2169471
2713475
3406230
3250798
1457699
3871349
1906968
3348415
2185351
5046916
2672696
3293697
1258487
2285857
2693226
2152139
3738684
660804
2175300
1871579
2126754
4244698
4988634
4571616
1963419
2027420
3270467
3767675
3126042
1671595
2139173
2483733
3761520
4862556
627100
2959291
4909362
3857238
984296
2536398
1770880
2289959
3221251
963933
3174539
3408727
1111751
1868332
1411138
2498371
1312112
1519021
2388734
2971047
1099065
2805527
3113362
4769704
3767459
4474846
1188275
727127
4892061
2034189
4617591
3686714
3183912
3372426
2922321
1634389
2071841
2473540
3473763
4124941
3791165
2275756
3031467
3252119
1377472
2172772
2055453
2081438
3898164
4661856
2936890
1410152
1744273
2261842
3298495
2626154
3506232
2035865
1491977
3908765
2507027
3406324
2392674
4358655
2351484
4871374
3397604
3385906
3521778
3844678
1845388
4224853
1895211
1981122
4204529
2954360
696916
1843990
3045317
4339239
3688629
2088046
3226700
2526180
1763160
2509398
4348962
3212017
3765611
4663624
2829158
5002995
3151889
4740193
1449190
1788291
1969604
4761929
3297981
1969579
717086
3340073
1866111
2406366
1826964
4040400
2557164
4232826
1569495
2636971
1565089
4457865
4672184
3495596
3329662
1386928
1789237
2947142
3354724
1782436
4549843
2457659
2535283
602497
2600260
2742264
1797411
1783447
2415143
3950283
3738834
4576571
1962233
4576437
1931163
2505296
3221091
4667183
4937778
1911299
4519622
2376265
3341670
3663765
4084531
4323251
4098006
3307492
2049803
2300111
1988444
2827723
2447778
2512716
2035378
4423716
2118600
2922091
3928276
3122024
1279235
3697491
4433552
4847169
4005281
3711793
3528873
1078899
1964221
4778311
1315103
3392315
4127580
2108086
4410526
3541056
2314683
4265954
3787281
2886429
4079734
4186079
2846090
4230420
3414237
2388100
3028115
1406296
1667156
3181472
2045852
3907422
2068986
1959419
2721233
4339557
2076035
2086609
2897415
3025944
1361617
1906129
1905570
2949103
3414775
3277609
3313684
3732921
2543884
619970
4245733
3000457
2087139
2059679
2547164
2951669
2624634
2831887
2720276
3648316
4926252
3697327
3606935
1625581
2350049
3295902
4036712
2091644
1309709
2728171
2565589
1736526
2302015
2267532
2835925
4644569
4770054
1556635
4517828
1587354
1688235
4178590
4216004
4262678
4897650
3207854
824510
1378881
2277484
1939068
3360866
3344515
3539716
4883401
874934
1729224
1908199
2635927
2020906
4989437
2904390
2830258
1438040
3845501
2302077
2691758
4109914
4521053
2391257
2239111
4258966
3094290
973436
2716676
2720553
4028237
2471730
4751851
1787490
2229426
2221338
2615277
3067008
4735332
4518146
2892383
1262643
1783431
2989900
3501753
3384739
4685273
4191018
602697
3110980
3154628
2695979
4564686
3400359
4031424
3126783
3362126
4716470
2388495
4232302
2656966
2812355
3273944
1205975
3004710
3604947
1787075
2805230
2989472
4637403
754034
1802660
3677608
4733296
603478
3456149
2140246
4393152
2087807
2230856
2855145
4602031
1105393
4788842
2883077
3773441
4994575
1255228
1542395
2637126
3033635
4437704
4550964
4852874
1120011
1347905
1868236
1294819
2830171
1834861
2919759
3254015
4094290
1413240
1351849
1429278
1544583
1646243
1850748
2960982
3371156
3526399
4092826
4147397
2482707
1734650
4614067
2867023
3392281
4177934
3955671
4833544
4851002
2906119
3379238
1343601
1499386
1695804
2354597
4602244
4341974
2101695
2345634
3455366
4641021
1466639
1745710
1453452
1875807
2695721
3326170
4138906
4660632
2030535
1815587
2255156
3504882
1890972
3283272
3299927
1107723
3698693
1104823
3719470
2898392
2781738
4300557
5022613
2393042
2695077
2731341
2921441
4298030
4384699
621574
2580940
1854699
1989355
2257622
2695055
4048026
3338820
3772994
819122
812471
2054213
2056915
2084410
3162386
4295854
3531300
3540121
4328058
4494715
4452156
2089291
1675628
4282266
2504493
2354437
897667
2390656
2892285
4779935
3391574
2366109
2575347
3378348
3225318
3674184
3926696
4433325
4913940
4925837
5003988
2003346
1572614
1751790
3252267
2010861
2505874
2102967
3030216
4034148
2974895
2949160
4373041
4049682
4196440
4366426
4350913
3880766
2407473
2496829
3858022
3750414
4798823
804014
948014
2333718
1530539
1531170
3834106
4062363
4669117
3016407
1568648
1672352
2053621
3579443
3105377
2850944
4221254
3666773
4093283
5002111
4512772
703570
1476660
2436055
2862374
1587419
1682788
3654434
4124313
3835056
4837719
3701635
4135712
4268998
626984
2058158
1289776
2220277
1807285
2219098
2229859
2004409
3034570
3044131
4072596
3948332
3379302
3429691
1900514
1405266
1532898
1589197
3014775
3707193
3772702
3832670
4422551
1754375
1254383
1674912
1827979
1857396
3255457
3416647
2386626
2428471
2447526
2485849
2867514
3034104
4901637
3537616
3719552
4969740
2265432
854408
4594544
2098670
1917225
1645551
1955748
1897326
2138738
2291886
3058625
3742379
3807315
4990238
2156515
1618949
2040151
1905532
3482244
2068860
2525638
4113289
2638534
4638016
3399432
3615931
4805638
2347415
1679632
1353493
3335887
4960727
2001602
2805372
4058441
4131787
4530896
2111928
620357
1141625
1522855
1986534
2340154
2110211
2517752
2617644
3110368
4452628
1821436
3198429
1569288
2874392
1769723
2449781
2707760
3009594
3664845
4211212
2207318
2987971
1727268
1764061
2016010
1741102
2202273
4487055
2464448
3161233
2613678
3282553
4179196
4818820
4792625
1849949
1163377
4898183
3104276
1827426
3079047
3342036
2509576
2338223
4063280
3719285
4464250
4622692
944036
2156211
2143670
1668949
2436711
4791632
3075569
3667674
3722690
4210949
5040164
4644407
2083214
1127012
1232717
3057021
2345437
1974853
2644355
3992950
3651393
3213416
3205117
4080612
1777555
3026974
1890445
2103114
4675878
2204176
3114990
4706174
2714011
3564702
2465722
2180897
2223296
2387801
3590584
3251253
4948382
4142379
4375748
1112384
1911166
2302170
2309065
2512048
2555446
2980386
3379346
3561187
4114448
3850579
1853185
1360639
1647038
1628130
2759649
3286462
3694125
2956702
4221569
3744213
3891262
3615295
2789722
1310747
3244371
3130664
4006166
3497030
3732129
4896763
5036810
1798863
1978502
1299319
3978088
3580755
2154999
2279400
2381411
2991662
3169289
4826638
4111419
4724828
4998795
2296662
1165927
1237951
1324537
4104482
3282976
3960455
4923930
4994531
5005659
4800865
3993234
2484210
1212998
1436002
3786308
3780369
2588950
3381484
3076696
4065936
5062005
620196
644577
1530250
4291987
2970968
2728433
4137287
3394181
3119688
2749362
3764196
3857663
3853327
3694881
2075292
2124698
2693408
3389004
2849841
3754108
4876959
3289909
2280682
2511408
3429237
4246837
4730897
5041756
2044145
2418973
2215282
2279621
3153057
2569520
3545048
3811366
4044801
3818607
4229666
3975561
1292189
3653924
4572295
4506150
3040299
3294677
3994618
4368115
4394144
4749748
2796717
2594555
2602368
1651750
3470620
2642067
3167192
3395543
3413862
3797100
4012477
4579166
5041147
3134007
3984236
1907495
1873733
1960178
2263199
2261684
2688563
2842497
3107333
4244005
4293064
4000312
5020458
2230205
2651631
4079090
3111551
4848045
2473445
2298585
2721722
2747549
3778764
3259759
4374350
4065681
4325678
3906914
1461749
1609275
4357980
2225921
2621839
2316100
2453886
3690850
3510692
3111400
3732138
3345374
3605798
3682399
3731009
4647740
4452710
4727897
3580867
1714501
2155442
2802522
2563787
2696571
2733751
3387497
4002572
4276012
4800131
2097025
3444170
2130873
2817829
2616303
3044286
3481814
4084400
3344790
3479879
3679069
4428195
4412196
2513497
3068543
2122057
3922878
1623468
2994329
3363049
2884526
2906799
3197563
4429683
4811712
3719294
4166644
4290259
4591130
3093723
4650867
975127
1445513
1765856
1710641
2209224
1825595
2146703
3686491
2696735
2248928
3443425
4071395
3585952
3711500
4072590
758060
2253211
4906044
1983120
1463200
1711409
2438326
4880994
2844835
3604859
3030834
2960421
3192406
3587003
3454712
4108569
3555352
3534431
3601348
3672880
4426081
4666004
4629024
4725613
3448219
603409
1668283
655982
2498611
853114
3750800
1452690
1772811
3974441
4463164
4525948
5026208
878152
5041418
1379681
1621535
1290577
1297045
1411798
3928413
4985923
4437029
2854871
3945098
3657807
3043923
3406867
3735277
4737684
4662635
4996672
1246769
1230955
1762214
2009920
2537176
2625853
2694371
2941114
3382239
4040155
4208184
4979023
5078738
1750675
1279124
2343804
2049323
2082680
2597506
2646261
3438960
4930717
4805671
4974286
2441816
974423
2587611
1503446
1519239
2314347
3107748
2126251
2194159
2752029
3176319
4451344
4602111
4668025
758404
1736499
1805526
2424746
2060843
2630752
2799947
4514458
1870068
1827216
2352870
2559358
3487667
3381516
3206631
3511214
1946155
2464086
3575313
1951430
3644974
2555495
3207171
721894
2701597
1348388
1500632
1758096
1849139
1823825
4128899
4639115
4570257
4601392
1849970
1791433
2375310
2133774
4198342
3650390
4839364
622773
1500606
2593283
2064924
2225904
3388599
2259489
2821627
4144494
4418081
3154434
2095340
3173497
1588013
1789825
3803658
2051752
2079736
2379140
2416436
3585829
2787673
4262974
2783025
3054135
3182768
4174390
5016413
602810
783184
1080476
1417847
1679144
4392624
2062241
4806213
2555536
2800076
4127931
4507366
1032808
2180687
2575711
3091333
3922465
4271887
4796493
4002868
4759635
4662830
5014653
4782346
1638185
4100432
2860380
3111315
3089071
3282588
1909674
4095627
964613
1276250
1284931
1766407
1940746
1742794
3865766
3000575
3239661
2471020
3920554
3349634
3656725
3655457
1405181
1351450
1553876
1150563
1853474
2440736
1850089
2493270
2193452
3265141
3507312
2951561
3210612
3222567
4122089
4245662
4345112
4400154
4674985
4902677
4904872
4157579
1042617
3343510
3735719
3104349
2108420
3641169
2216412
2273369
3765975
3848494
5005071
3671193
3763587
3802378
4830885
743065
2059906
2247940
1157133
1320054
1649450
3306906
2710959
3227750
2484426
3579220
2617338
911056
1463941
3289429
2238481
2110329
3161935
4266733
3866736
2606399
3756465
4079001
4084453
4994216
3126509
1918611
1011016
2486075
2691271
2724795
4786861
3194713
3452520
3503823
3622030
4357260
4953429
4518190
4696938
970907
4470641
1583481
4655285
1638660
1789346
4393470
3738769
3377999
3097103
3539098
4210715
3085759
4475258
3253168
3616510
3887870
4733784
910488
2710331
1211242
1220224
1418881
1429291
1622928
2403963
1840497
2535779
2069947
2076030
2235891
3323710
3641557
3055309
3955174
3894224
3095557
4785989
3197513
3200771
3429338
4469900
4547630
4612638
4982104
1579804
1350863
1411061
2436367
1980377
2141277
3596080
2498124
2454651
3145209
4901245
2981951
4546912
3146128
3286024
4218998
3644068
3768777
3849990
4131654
4121367
4934650
4091257
4100138
4114268
4257702
4183806
4760408
1230129
682497
754885
1103596
1184341
1233589
1292729
2153731
1369769
1411767
1391110
1415664
1429458
1439402
1441453
1479342
1469803
1500674
1832112
1864849
2059033
2105135
2161421
2374062
2485658
3404688
3078058
2569610
2569973
3952352
2624113
2724336
2616929
3681609
3016675
3105827
3246639
3632971
3863653
5000299
4016979
4093939
4290495
4209890
4313332
4504830
4574805
4703964
4735551
4753679
4778773
4805448
5058218
1029659
740895
701069
871119
1393362
3871012
1686086
1754595
3957233
4095785
2106174
1974548
1989016
3270101
2223570
2201956
2165885
2219262
2728991
2351721
3580616
4474881
2650336
3164483
2605046
2980710
2731344
2734189
2853999
2884263
2893014
2913138
2935312
3039521
3114268
3258568
3415049
3433657
3493764
3576870
3584390
3593126
3646627
4036228
3714289
3750911
3749537
3830688
3868020
3940840
3965181
4003891
4003940
4817389
4635687
4909936
