4913611
4913626
4914211
4914307
4914559
4914650
4914791
4915038
4915362
4915379
4915507
4915563
4915678
4915824
4915895
4915915
4915934
4916134
4916170
4916836
4916950
4916985
4917231
4917267
4917274
4917352
4917615
4917910
4918048
4918081
4918397
4918536
4918725
4918865
4919001
4919507
4919674
4919693
4919954
4920558
4920565
4920569
4920617
4920691
4921402
4921500
4921763
4921832
4921835
4921960
4922165
4922273
4922852
4923572
4924156
4924299
4924422
4924528
4924605
4924977
4925096
4925223
4925297
4925434
4925449
4925621
4925775
4925978
4926007
4926101
4926134
4926222
4926249
4926350
4926370
4926418
4926423
4926487
4926623
4926664
4926729
4926810
4926949
4926998
4927184
4927202
4927239
4927268
4927323
4927583
4927699
4927865
4927887
4928058
4928091
4928135
4928424
4928534
4928564
