4328846
4328853
4328901
4329070
4329266
4329270
4329274
4329275
4329300
4329303
4329305
4329308
4329331
4329382
4329496
4329532
4329545
4329882
4329984
4330015
4330062
4330208
4330244
4330307
4330343
4330422
4330447
4330549
4330642
4330664
4330665
4330666
4330669
4330670
4330671
4330672
4330673
4330674
4330675
4330676
4330678
4330679
4330681
4330682
4330683
4330684
4330920
4331033
4331043
4331119
4331347
4331508
4331511
4331518
4331520
4331521
4331675
4332270
4332433
4332454
4332576
4332652
4332823
4332869
4332892
4332946
4333396
4333521
4333546
4333570
4333711
4333816
4333853
4333882
4333914
4334263
4334283
4334626
4334719
4334769
4334960
4335020
4335164
4335276
4335938
4335990
4336097
4336273
4336347
4336407
4336493
4336500
4336519
4336527
4336663
4336966
4336968
4337037
4337047
4337290
