402486
402584
402665
402729
402931
402939
402991
403066
403201
403257
403491
403674
403931
404056
404072
404115
405038
405403
405721
405826
405933
406088
406171
406272
406302
406431
406595
406701
406735
406752
406758
406835
406957
407028
407044
407115
407128
407196
407447
407648
407822
408022
408032
408123
408242
408541
409000
409213
409250
409551
409684
409837
409878
409983
409999
410237
410844
411374
411712
411996
412317
412342
412406
412408
412534
412549
412560
412672
412776
413008
413119
413292
413500
413747
413883
413899
413938
413947
414076
414487
414548
414675
414843
415310
415734
416390
417033
417185
417289
417294
417419
417603
417658
417672
417680
418044
418078
418087
418095
418103
