5107551
5107762
5107958
5108449
5108705
5109151
5109221
5109251
5109256
5109337
5109396
5109538
5109882
5109987
5110017
5110133
5110194
5110355
5110460
5110879
5110929
5110976
5111576
5112191
5112277
5112473
5112559
5113047
5113105
5113147
5114357
5114398
5114722
5114728
5114769
5115054
5115352
5115414
5115671
5115735
5115972
5116077
5116285
5116518
5116564
5116628
5116644
5116650
5116879
5117519
5117557
5117578
5117706
5117788
5117798
5117885
5118325
5118738
5118758
5118912
5118938
5119024
5119097
5119462
5119464
5119497
5119499
5119531
5119538
5119592
5120187
5120218
5120654
5120726
5121040
5121270
5121340
5121397
5121478
5121484
5121547
5121672
5121798
5122079
5122126
5122285
5122484
5122562
5122615
5122879
5123124
5123297
5123337
5123345
5123596
5123729
5123741
5123865
5123914
5124248
