3910213
3910530
3910589
3910651
3910655
3910792
3910910
3910985
3911041
3911244
3911366
3911441
3911598
3911698
3911978
3912026
3912221
3912512
3912979
3913109
3913822
3913988
3914241
3914392
3914711
3914801
3914805
3914942
3915063
3915151
3915328
3915406
3915465
3915640
3915684
3915792
3916102
3916170
3916434
3916479
3916510
3916551
3916776
3916882
3917305
3917371
3917698
3917782
3917905
3918221
3918657
3918753
3918887
3919029
3919096
3919183
3919382
3919458
3919719
3919897
3919937
3919989
3920228
3920233
3920522
3920548
3920552
3920594
3920652
3921009
3921090
3921209
3921591
3922087
3922421
3922547
3923194
3923247
3923443
3923937
3924086
3924329
3924345
3924511
3924545
3924554
3924573
3924589
3924657
3925134
3925144
3925379
3925556
3925563
3925718
3926031
3926045
3926469
3926640
3926982
