1330354
1330423
1330683
1330748
1330851
1330867
1330992
1331094
1331161
1331174
1331291
1331447
1331572
1331712
1331794
1332011
1332029
1332052
1332068
1332085
1332140
1332207
1332214
1332292
1332392
1332403
1332409
1332426
1332428
1332599
1332769
1333001
1333019
1333124
1333133
1333266
1333426
1333489
1333599
1333610
1333651
1333739
1334039
1334055
1334068
1334096
1334113
1334314
1334493
1334584
1334602
1334717
1334757
1334787
1334798
1334836
1334924
1334974
1335032
1335075
1335217
1335253
1335281
1335291
1335448
1335549
1335633
1335650
1335829
1335874
1335907
1336017
1336059
1336465
1336492
1336505
1336531
1336573
1336711
1336988
1337030
1337083
1337259
1337332
1337437
1337558
1337657
1337800
1337873
1337927
1338233
1338292
1338552
1338582
1338627
1338865
1339024
1339150
1339156
1339179
