12185829
12186213
12187744
12187958
12188059
12188117
12188426
12188952
12189541
12190150
12190625
12191075
12191855
12191993
12192939
12192940
12193058
12193205
12193434
12194361
12194570
12195041
12195095
12195515
12196662
12196852
12197345
12197942
12197983
12199479
12200008
12200263
12200281
12200333
12202638
12203211
12204092
12204575
12204784
12204950
12205060
12205358
12205861
12206138
12206181
12206429
12207018
12207257
12207996
12208165
12208234
12208365
12208484
12208850
12209101
12209215
12209409
12209436
12210098
12210294
12210603
12211398
12212486
12212712
12213787
12213947
12213995
12214017
12214822
12215117
12215785
12215891
12216285
12216800
12216955
12216981
12217914
12218200
12218205
12218709
12219534
12220022
12220774
12220894
12222069
12222313
12222386
12222954
12223136
12223218
12223732
12223881
12224198
12224389
12224840
12225173
12226215
12226311
12226518
12227441
