26442682
26444332
26446473
26446804
26447600
26447717
26448578
26448643
26448947
26455723
26458597
26458908
26459591
26460085
26460246
26460688
26460772
26461288
26464357
26464440
26464882
26465143
26465908
26466293
26466604
26467143
26468341
26469530
26471397
26471833
26472076
26473379
26473864
26478661
26480778
26485864
26486246
26488384
26491896
26492706
26493364
26493863
26494315
26494416
26497143
26498556
26499733
26499735
26500507
26500556
26502052
26502608
26503086
26503668
26503904
26504871
26505912
26511177
26511871
26511891
26512520
26514023
26514739
26515589
26516854
26518612
26518740
26519240
26520179
26520804
26523070
26523483
26524489
26525333
26526777
26526937
26527411
26527445
26527633
26529212
26529621
26530306
26530405
26533039
26534505
26535235
26538157
26539244
26540282
26540759
26541469
26542261
26543211
26545310
26546530
26547579
26547771
26548360
26552620
26552896
