20027761
20028323
20028817
20029483
20029797
20030537
20030660
20030715
20031361
20031639
20036059
20036720
20037352
20037585
20038823
20040244
20040373
20040445
20040910
20041597
20042243
20042302
20043199
20044123
20045048
20045479
20046231
20046877
20048096
20048987
20049768
20050314
20050507
20050779
20050934
20051018
20051365
20051480
20051753
20052055
20052207
20052349
20053741
20055282
20055683
20057497
20058270
20060964
20061610
20061728
20062390
20063241
20063558
20064351
20064810
20065599
20065718
20066847
20067619
20067872
20068421
20068588
20073032
20073138
20074247
20074253
20074368
20074417
20075149
20075594
20077302
20077406
20077528
20078106
20078251
20078643
20078825
20079133
20079155
20079370
20079608
20079812
20079920
20080108
20081095
20081261
20081322
20081576
20082501
20082867
20083542
20083658
20084215
20084381
20085669
20087649
20090029
20090429
20091031
20091890
