1320789
1320811
1320859
1320892
1320916
1321103
1321151
1321293
1321369
1321682
1321914
1321941
1322055
1322159
1322250
1322272
1322320
1322802
1322848
1323297
1323300
1323367
1323376
1323413
1323581
1323697
1323729
1323769
1323853
1323985
1324005
1324054
1324543
1324708
1324714
1324773
1324816
1324913
1325011
1325076
1325105
1325209
1325215
1325607
1325726
1325934
1325943
1326011
1326106
1326266
1326294
1326310
1326467
1326811
1326900
1327020
1327072
1327076
1327149
1327213
1327470
1327503
1327633
1327701
1327735
1327824
1327904
1327941
1328046
1328069
1328279
1328307
1328442
1328487
1328541
1328567
1328699
1328765
1328874
1328988
1329052
1329064
1329105
1329334
1329531
1329542
1329591
1329728
1329764
1329780
1329790
1329792
1329800
1329877
1329908
1329958
1330041
1330149
1330313
