205134
205168
205175
205261
205328
205885
205942
206033
206040
206108
206130
206146
206299
206476
206511
206598
206738
207068
207071
207367
207681
207704
207812
207883
207900
207914
207962
208056
208098
208115
208164
208320
208365
208475
208489
208646
208676
208725
208847
209006
209146
209567
209618
209665
209715
209717
209719
209827
209865
210073
210087
210203
210397
210462
210608
210698
210735
210811
210987
211276
211335
211364
211754
211798
211815
211850
211984
212171
212624
212777
212970
212975
213304
213402
213414
213453
213482
213611
213773
213874
213961
213962
214115
214145
214151
214175
214234
214384
214513
214650
214729
214737
214785
214904
214910
215331
215490
215624
216031
216117
