1276324
1276344
1276512
1276687
1276794
1276827
1276951
1277110
1277268
1277678
1277707
1277749
1277789
1277808
1277811
1277960
1277971
1278415
1278520
1278534
1278672
1278787
1278832
1278991
1279122
1279204
1279404
1279420
1279426
1279458
1279491
1279582
1279605
1279710
1279800
1280015
1280216
1280239
1280382
1280397
1280437
1280449
1280565
1280616
1280630
1280661
1280804
1280805
1280849
1280869
1280901
1280990
1281083
1281269
1281375
1281395
1281535
1281573
1281580
1281595
1281775
1281839
1281880
1281913
1282015
1282083
1282164
1282214
1282237
1282373
1282466
1282610
1282741
1282854
1282982
1283022
1283035
1283057
1283209
1283225
1283234
1283360
1283441
1283483
1283506
1283538
1283725
1283828
1284016
1284035
1284126
1284200
1284444
1284674
1284682
1284923
1284971
1285142
1285151
1285194
