3254829
3254909
3254923
3255097
3255465
3255548
3255690
3255765
3255788
3255935
3256323
3256413
3256470
3256490
3256517
3256683
3256768
3256919
3257056
3257074
3257238
3257322
3257628
3257674
3257679
3257783
3257788
3257921
3258070
3258140
3258264
3258279
3258348
3258409
3258413
3258458
3258696
3258752
3258953
3258960
3259222
3259631
3259698
3259717
3259895
3260193
3260470
3260707
3260903
3260911
3260940
3260959
3261049
3261391
3261429
3261572
3262626
3262843
3262973
3262977
3263086
3263195
3263257
3263450
3263524
3263680
3263698
3263758
3264016
3264157
3264162
3264191
3264258
3264437
3264457
3264585
3264648
3264881
3265022
3265063
3265119
3265532
3265546
3265606
3265632
3265876
3266000
3266159
3266200
3266324
3266352
3266389
3266408
3266657
3266708
3266736
3266875
3266911
3267069
