14944851
14944939
14945270
14946210
14946321
14946476
14948521
14948689
14948949
14949049
14950748
14950987
14951462
14952945
14953131
14953464
14953539
14953765
14954331
14955293
14955727
14956689
14957095
14957161
14957297
14957340
14957514
14957541
14958595
14959424
14959731
14959840
14960366
14960462
14960758
14961696
14961981
14962184
14964934
14965055
14966002
14966511
14967297
14968458
14968973
14969126
14969364
14970177
14970335
14970381
14971182
14971295
14971679
14973113
14973287
14973900
14973968
14974048
14974140
14975294
14975645
14976106
14977301
14977345
14977512
14978116
14979299
14979343
14979795
14979873
14980981
14982195
14982392
14983024
14984013
14984121
14984286
14985543
14986389
14987240
14988510
14989307
14991002
14991045
14991456
14992348
14993786
14994297
14994569
14995593
14995987
14996439
14997837
14997889
14997955
14998163
14998599
15001712
15002220
15003160
