3056969
3057085
3057300
3057365
3057523
3057525
3057551
3057691
3057838
3058046
3058276
3058317
3058396
3058723
3059110
3059142
3059210
3059223
3059234
3059354
3059691
3060126
3060221
3060349
3060390
3060541
3060565
3060679
3060690
3060974
3061028
3061310
3061342
3061428
3061471
3061627
3061875
3061975
3062269
3062272
3062290
3062299
3062361
3062398
3062787
3062799
3062927
3062961
3063119
3063157
3063171
3063219
3063239
3063359
3063388
3063440
3063607
3063629
3063643
3063663
3063796
3063828
3063916
3064088
3064144
3064205
3064275
3064343
3064384
3064622
3064625
3064693
3064912
3065167
3065473
3065494
3065495
3065547
3065648
3065737
3065987
3065990
3066007
3066032
3066050
3066695
3066770
3067039
3067302
3067380
3067473
3067509
3067577
3067580
3067764
3067873
3067900
3067941
3068029
3068866
