38985055
38987820
38988102
38991809
38995070
38997500
38997583
38998790
39000269
39001472
39001721
39002752
39005445
39005531
39010036
39014207
39016256
39018580
39019403
39020258
39021025
39021310
39022851
39023637
39031563
39032260
39033171
39035140
39035826
39036176
39036558
39038960
39041616
39042516
39045911
39047332
39047398
39049608
39050228
39051931
39052719
39053691
39054239
39055754
39056661
39057208
39057388
39057911
39059006
39059397
39060910
39063421
39065251
39065803
39066198
39066639
39067670
39068135
39070266
39071483
39073617
39073820
39077396
39080904
39080919
39081865
39082024
39082417
39086931
39088366
39089054
39090295
39093311
39095907
39098868
39104984
39105057
39106303
39106765
39106942
39107016
39111015
39115573
39121108
39123392
39124633
39125009
39127057
39127925
39128438
39128549
39128587
39131849
39132241
39134970
39135511
39136928
39138276
39138548
39139186
