1462519
1462527
1462561
1462617
1462681
1462730
1462895
1463032
1463226
1463300
1463314
1463333
1463357
1463506
1463571
1463635
1463705
1463738
1463833
1464504
1464553
1464559
1465023
1465033
1465072
1465082
1465179
1465219
1465367
1465410
1465527
1465551
1465621
1465638
1465676
1465860
1465877
1465904
1466066
1466643
1466903
1466922
1467005
1467042
1467096
1467119
1467127
1467129
1467159
1467160
1467176
1467178
1467187
1467208
1467402
1467546
1467647
1467669
1467710
1467874
1467897
1467919
1468042
1468057
1468058
1468069
1468087
1468088
1468206
1468288
1468557
1468773
1468919
1469019
1469380
1469434
1469467
1469518
1469528
1469552
1469669
1469730
1469948
1470130
1470397
1470446
1470516
1470930
1471000
1471160
1471182
1471199
1471202
1471502
1471504
1471564
1471612
1471659
1471669
1471723
