5381325
5381586
5381655
5381820
5382175
5382559
5382856
5383215
5383614
5384413
5384469
5384594
5384614
5384701
5384786
5385077
5385208
5385307
5385358
5385550
5385785
5385900
5386038
5386198
5387099
5387194
5387421
5387443
5387491
5388151
5388230
5388455
5388813
5388961
5389126
5389217
5389642
5389912
5390043
5390081
5390253
5390403
5390821
5391072
5391156
5391196
5391374
5391485
5391588
5391852
5392395
5392762
5393055
5393071
5393624
5394180
5394360
5394427
5394709
5395213
5395320
5395566
5395843
5395899
5395935
5396161
5396274
5396343
5396431
5396526
5396610
5396643
5396975
5397034
5397139
5397302
5397361
5397963
5398114
5398342
5398456
5398941
5399003
5399139
5399287
5399361
5399473
5399674
5399906
5400189
5400490
5400547
5401186
5401242
5401384
5401982
5402210
5402646
5402689
5403314
