3300651
3300791
3300835
3301081
3301178
3301484
3301847
3302334
3302412
3302543
3303219
3303393
3303428
3303469
3303623
3303636
3303710
3303804
3303855
3303918
3303991
3304009
3304010
3304157
3304258
3304292
3304518
3304632
3304758
3304848
3304944
3305016
3305770
3305984
3306423
3306521
3306650
3306782
3307067
3307188
3307442
3307547
3307717
3307895
3307932
3308036
3308556
3309023
3309077
3309281
3309391
3309474
3309541
3309589
3309725
3309772
3309891
3310036
3310256
3310348
3310408
3311193
3311346
3311567
3311655
3311727
3312018
3312033
3312075
3312168
3312249
3312437
3312493
3312917
3313243
3313330
3313746
3313822
3313866
3314009
3314194
3314196
3314371
3314640
3314677
3314705
3314852
3315248
3315278
3315309
3315375
3315418
3315465
3316197
3316367
3316735
3316855
3317275
3317390
3317493
