5198410
5198446
5198512
5198799
5198865
5198874
5198937
5199122
5199440
5199553
5199555
5199776
5199992
5200063
5200142
5200145
5200188
5200299
5200361
5200374
5200475
5200785
5201124
5201226
5201329
5201514
5201759
5201800
5201810
5202111
5202268
5202368
5202578
5202884
5203167
5203281
5203378
5203490
5203627
5203869
5204262
5205309
5205770
5205873
5206078
5206137
5206222
5206286
5206298
5206564
5206569
5206613
5206629
5206840
5206979
5207020
5207234
5207382
5207625
5207632
5207645
5207937
5207984
5208036
5208287
5208383
5208422
5208584
5208770
5209053
5209396
5209528
5209642
5209677
5209829
5210022
5210048
5210241
5210367
5210420
5210511
5210579
5210724
5210817
5210866
5211250
5211467
5211651
5212106
5212122
5212190
5212646
5212843
5212970
5213135
5213210
5213293
5213383
5213405
5213412
