3666331
3666660
3667160
3667174
3667187
3667198
3667383
3667793
3667822
3667845
3668059
3668073
3668161
3668416
3668457
3668603
3668680
3668862
3669021
3669139
3669752
3669841
3669848
3669869
3669927
3670153
3670171
3670507
3670621
3670680
3670744
3670895
3670930
3670978
3671285
3671406
3671939
3672084
3672115
3672432
3672494
3672777
3673409
3673447
3673455
3673654
3673754
3673972
3674578
3674592
3674656
3674731
3674807
3675068
3675148
3675159
3675162
3675422
3675517
3675583
3675671
3675815
3676212
3676499
3676551
3676857
3676962
3677193
3677395
3677466
3677520
3677583
3677642
3677901
3677902
3678044
3678191
3678239
3678690
3678734
3678983
3679514
3679674
3679940
3680005
3680006
3680176
3680419
3680506
3680735
3680825
3680889
3680893
3681137
3681210
3681347
3681865
3682156
3682371
3682611
