1562856
1563134
1563184
1563216
1563230
1563302
1563349
1563509
1563657
1563687
1563768
1564131
1564162
1564163
1564248
1564306
1564381
1564428
1564437
1564656
1564663
1564755
1564780
1564784
1564812
1564853
1564971
1564979
1565195
1565222
1565493
1565626
1566112
1566133
1566194
1566293
1566535
1567015
1567119
1567226
1567231
1567363
1567367
1567681
1567740
1567747
1567755
1567922
1567942
1568210
1568242
1568262
1568272
1568552
1569148
1569275
1569473
1569525
1569709
1569930
1569970
1570004
1570009
1570073
1570249
1570355
1570469
1570483
1570586
1570669
1570679
1570681
1570752
1570855
1570880
1571051
1571099
1571119
1571134
1571377
1571381
1571698
1571747
1571841
1571969
1572017
1572157
1572236
1572299
1572406
1572435
1572451
1572466
1572526
1572703
1572826
1573013
1573018
1573048
