26669184
26669596
26670251
26671988
26672348
26672750
26673059
26673261
26674718
26674911
26675852
26677777
26677912
26678006
26679248
26680324
26682336
26682704
26682721
26683126
26684710
26687061
26687893
26688722
26689178
26689767
26690321
26690785
26690898
26692521
26694308
26695133
26695162
26696533
26697761
26697996
26698185
26701372
26702218
26703507
26705529
26706253
26707234
26707449
26710723
26711086
26711598
26712698
26712838
26712908
26714578
26716572
26716611
26717777
26719588
26719654
26719729
26721368
26721571
26722029
26722289
26722700
26725979
26726389
26726846
26726938
26729040
26732609
26733227
26735759
26737247
26738033
26739219
26741676
26742376
26743428
26743851
26744659
26744802
26746010
26746659
26747007
26747606
26748013
26749937
26751039
26751153
26751292
26751455
26752619
26754396
26754642
26755148
26758846
26759453
26760009
26761644
26764177
26765413
26769292
