312562
313027
313033
313168
313257
313390
313501
313572
313604
313611
313743
313777
313793
313857
313895
313904
313939
313951
313986
314121
314156
314350
314450
314531
314539
314618
314622
314681
314749
314939
315217
315628
315687
315729
315825
315830
316053
316083
316102
316137
316265
316364
316539
316565
316815
316922
316972
317159
317172
317256
317696
317873
317901
317985
318420
318468
318472
318700
318793
318891
318957
318989
319126
319267
319321
319563
320190
320212
320286
320311
320514
320741
320855
321352
321401
321403
321673
321755
321761
321789
322183
322244
322348
322486
322698
322709
322720
322947
323059
323092
323270
323635
323925
324034
324353
324356
324501
324598
324623
324702
