30948650
30949969
30951093
30952511
30952948
30954133
30954476
30956472
30957244
30957391
30959028
30959975
30960511
30962021
30962956
30965299
30965318
30966198
30967751
30974210
30974566
30975453
30975748
30976646
30981954
30982109
30982644
30983073
30983445
30983517
30986777
30987248
30989549
30990643
30990924
30991373
30991542
30992028
30993002
30995537
30997281
30998644
30998652
31000728
31001810
31001818
31002286
31004489
31006191
31006213
31009208
31011300
31017848
31018452
31019262
31019780
31021029
31022881
31027890
31028142
31029659
31031431
31034966
31037439
31037698
31038472
31041412
31041963
31044853
31046453
31048762
31050292
31051902
31053031
31054005
31054080
31054820
31056163
31056443
31057118
31057559
31057593
31057763
31058751
31058762
31059596
31059885
31060870
31061487
31062014
31064528
31067063
31069071
31073260
31073938
31074588
31076051
31080948
31082755
31085052
