22933899
22934262
22936886
22937008
22937569
22938686
22939598
22940057
22940380
22940412
22940688
22941541
22941641
22942709
22942867
22943325
22943373
22944914
22945169
22945497
22945648
22946090
22947214
22949708
22950072
22950226
22950435
22950608
22950983
22951113
22953472
22953957
22954809
22956360
22957129
22957224
22957912
22958010
22959052
22959674
22960001
22960839
22961674
22963010
22964429
22965454
22965937
22966263
22966903
22967215
22967309
22967574
22967838
22968108
22969051
22969529
22970895
22972294
22972396
22973776
22978076
22979146
22979587
22980190
22980211
22985031
22985375
22985792
22986405
22987901
22988777
22990112
22990767
22990835
22992103
22992305
22992858
22992912
22992930
22992940
22994447
22994628
22994780
22995241
22995494
22995858
22996182
22997901
22997918
22999670
22999815
23000132
23000478
23000799
23001862
23002730
23008938
23009164
23010142
23010700
