20419831
20420240
20420704
20422236
20422336
20422503
20423635
20423765
20423841
20424954
20425214
20426447
20426830
20428283
20429677
20429886
20430278
20431428
20432723
20432731
20434316
20436270
20437744
20438118
20439195
20440608
20440783
20441428
20441447
20441911
20441951
20443325
20444731
20444777
20445221
20448716
20449091
20450209
20450595
20451429
20451690
20452341
20452714
20453052
20453592
20454843
20455239
20457029
20457764
20457935
20458734
20459092
20459394
20459822
20460712
20465190
20466211
20467217
20467561
20467846
20468472
20468476
20470100
20471238
20473156
20474692
20474777
20475909
20477168
20477172
20477880
20478659
20479067
20479403
20481228
20481737
20482189
20482258
20482627
20482875
20483341
20483603
20486039
20486400
20487590
20489100
20489114
20489262
20489969
20490518
20491610
20492855
20494225
20496721
20497203
20497226
20497573
20498531
20499387
20499523
