10735617
10736143
10736569
10736782
10736785
10736871
10736872
10736885
10736945
10737277
10737500
10737792
10737901
10738051
10738309
10738733
10739220
10739472
10739773
10739849
10739999
10740537
10741078
10741561
10742165
10742450
10742602
10742714
10743916
10744067
10744130
10744364
10744759
10745178
10745316
10745505
10745698
10745734
10745785
10745857
10746529
10746872
10747366
10748280
10748362
10748422
10748461
10748707
10748907
10749031
10749368
10749434
10750443
10751149
10751361
10751655
10752650
10755758
10755809
10756227
10756412
10756741
10756984
10757250
10757315
10758033
10758257
10758487
10759264
10759425
10759857
10760269
10760297
10760782
10760905
10761547
10761784
10762033
10762303
10762637
10763003
10764247
10764293
10764365
10764629
10765309
10765495
10765577
10765751
10766332
10766333
10766466
10767487
10767677
10768188
10768504
10768857
10769254
10769296
10769316
