22287836
22288943
22290653
22291731
22292313
22292754
22292843
22294774
22295318
22295637
22295684
22298251
22299961
22300260
22300600
22300692
22301692
22304532
22304998
22306212
22308423
22308941
22309087
22310954
22311640
22311742
22313505
22313662
22314269
22314456
22315090
22317477
22318720
22318740
22319487
22320490
22321157
22321589
22321671
22321924
22323713
22323771
22325022
22325709
22326703
22326941
22327935
22327971
22328172
22328478
22328606
22328723
22328820
22329780
22329796
22329959
22330825
22332244
22335051
22335168
22342392
22342665
22343231
22343742
22344059
22344139
22345158
22345702
22345786
22345991
22346245
22347085
22347232
22347503
22347717
22348855
22351416
22351434
22354552
22354932
22355119
22355294
22355999
22356215
22356240
22357101
22358319
22360025
22362368
22362909
22363305
22363510
22365097
22365152
22366772
22367171
22367802
22368266
22368646
22368943
