729889
730017
730142
730163
730173
730201
730348
730797
731143
731265
731288
731321
731369
731432
731467
731469
731508
731577
731578
731635
731807
731893
731901
732010
732134
732347
732395
732430
732480
732540
732709
732733
732776
732818
732970
733341
733437
733538
733562
733974
733992
734165
734275
734386
734428
734455
734509
734592
734853
734864
734866
735003
735037
735052
735124
735150
735152
735310
735332
735341
735346
735413
735534
735599
735660
735717
735832
735954
736010
736119
736174
736536
736688
736755
736820
736933
737230
737354
737418
737470
737497
737577
737602
737639
737695
737696
737761
737772
737787
737810
737894
737960
738021
738155
738319
738345
738346
738693
738728
738744
