16558725
16559532
16560253
16561878
16561961
16562685
16562720
16562801
16564008
16564205
16565095
16565303
16566668
16566799
16567037
16567175
16567238
16567752
16568426
16569547
16570520
16570852
16571039
16571218
16571790
16571795
16571809
16571987
16572121
16572530
16572961
16573177
16573854
16574034
16575249
16575471
16578487
16579946
16579973
16580324
16580865
16581975
16583029
16583360
16583702
16583909
16589246
16589573
16590137
16591302
16591661
16592491
16594239
16594264
16594674
16596288
16596570
16597481
16597731
16598573
16598987
16600495
16601062
16601364
16601503
16602179
16603050
16603158
16603222
16603855
16604404
16604886
16605665
16605787
16606959
16607169
16608897
16608927
16609385
16610071
16610252
16610954
16611384
16611401
16611956
16612199
16612430
16612448
16612746
16612882
16613404
16613657
16613800
16613822
16614027
16614185
16615635
16617070
16617284
16617365
