6987441
6987612
6987692
6987701
6987880
6988033
6988088
6988142
6988258
6988369
6988449
6988639
6988960
6989087
6989205
6989923
6990046
6990250
6990607
6990989
6991090
6991206
6991670
6991717
6991801
6991922
6992278
6992738
6993212
6993775
6994101
6994189
6994273
6994354
6994440
6995037
6995069
6995248
6995281
6995445
6995560
6995851
6996114
6996163
6996497
6996673
6997062
6997346
6997754
6997796
6998493
6999902
7000361
7000415
7000702
7001837
7002124
7002554
7002869
7003131
7003144
7003250
7003790
7003808
7003842
7003941
7004074
7004342
7004348
7004402
7004622
7004681
7004712
7005463
7005742
7005811
7006041
7006099
7006245
7006324
7006874
7007418
7007865
7008189
7008753
7008894
7009324
7009445
7010051
7010166
7010746
7011005
7011250
7011258
7011452
7011787
7012218
7012958
7012973
7013575
