14242915
14243846
14244619
14245119
14245537
14245904
14245936
14246196
14246634
14247387
14248140
14248486
14250417
14251245
14251822
14251925
14252888
14253056
14253058
14253823
14254207
14255118
14255588
14255589
14255642
14256070
14257878
14258427
14258716
14259375
14260565
14260708
14262024
14262316
14262985
14263325
14263798
14264259
14265886
14265985
14267033
14267357
14267400
14267782
14269378
14269408
14269547
14269731
14270205
14270729
14271522
14272084
14272149
14273557
14274225
14274446
14277542
14277592
14278183
14278820
14279582
14279626
14279674
14279850
14280289
14280439
14280793
14282209
14282463
14284025
14284092
14284911
14285632
14286028
14286979
14287866
14288389
14289026
14290352
14291339
14291670
14291753
14293399
14294218
14295193
14295426
14296810
14297273
14297502
14297708
14297826
14300051
14300186
14300332
14300734
14301759
14302466
14302781
14303243
14303693
