15182037
15182272
15182273
15183281
15183350
15183708
15184144
15184198
15184646
15185054
15185470
15185618
15185899
15186792
15187367
15187529
15188625
15190091
15190727
15190770
15191134
15191268
15191534
15191545
15193694
15195281
15195759
15196097
15198081
15198411
15199438
15199550
15199901
15201020
15201491
15202356
15202571
15203541
15203944
15204454
15204491
15204954
15206019
15206258
15207024
15207091
15207250
15208086
15208091
15208145
15208325
15208942
15209244
15210292
15210741
15210875
15210998
15211245
15212123
15212168
15212708
15213249
15213927
15214445
15214520
15214793
15216006
15216007
15216579
15216926
15217335
15217364
15217478
15218125
15218254
15218546
15218859
15219384
15219661
15220714
15221218
15221826
15222164
15222664
15223682
15224190
15225284
15225516
15225897
15226564
15227094
15227106
15227459
15228845
15228894
15230975
15231140
15231390
15231547
15231578
