14124853
14124933
14126244
14126712
14129302
14131372
14131379
14132677
14132724
14133970
14134033
14134093
14134273
14135113
14135443
14135519
14135695
14137865
14138323
14138693
14138993
14139063
14139159
14140088
14140780
14141336
14141538
14141996
14146158
14146293
14146387
14146811
14147115
14147137
14149403
14149942
14150658
14151645
14152754
14153175
14153280
14154175
14154180
14154721
14155017
14155424
14155549
14155663
14158562
14159398
14159585
14160088
14160517
14160819
14163561
14163905
14163957
14164205
14165042
14165184
14165229
14167019
14167142
14167279
14167682
14167990
14168347
14168431
14168432
14169105
14169194
14169416
14170464
14173841
14174761
14174790
14174968
14175010
14175595
14175687
14175750
14176049
14176812
14176999
14177478
14178315
14178402
14178404
14179231
14180283
14181432
14182108
14183576
14183669
14184429
14185006
14185551
14185568
14186922
14187430
