14892134
14893588
14893758
14894376
14895070
14895303
14896420
14896507
14896627
14897668
14897737
14898145
14898596
14898831
14899327
14899537
14900087
14901064
14901106
14901601
14901635
14901650
14901973
14902263
14902907
14903032
14903170
14903493
14904807
14904874
14905190
14905813
14905985
14906748
14907104
14908210
14908361
14908426
14910550
14910928
14912917
14913354
14913496
14913747
14914099
14914295
14914444
14914872
14914878
14914970
14915627
14916591
14916896
14917071
14917246
14918293
14918997
14919107
14919168
14919169
14921058
14923368
14924577
14924908
14925908
14926151
14929097
14929237
14929879
14930009
14930084
14931444
14932387
14932871
14933690
14933908
14934241
14936380
14936967
14937082
14937276
14938021
14938728
14939228
14939691
14939958
14939959
14940176
14940453
14941642
14941660
14942134
14942242
14942893
14942974
14943210
14943418
14943886
14944512
14944644
