16124599
16124706
16124708
16124792
16125366
16125578
16125594
16125705
16125750
16125866
16126205
16126231
16126957
16128256
16128418
16128563
16128585
16128697
16128721
16129111
16130351
16130376
16130394
16130396
16130527
16130983
16132949
16133662
16133675
16133901
16134072
16134585
16134857
16135069
16135307
16135746
16136374
16136992
16137078
16138228
16138370
16138430
16138679
16139067
16140193
16140485
16140662
16141340
16141837
16142211
16142648
16143836
16144136
16144240
16145223
16146233
16146904
16146941
16147331
16147397
16147513
16147588
16147616
16147920
16148544
16148740
16148751
16148953
16149000
16149155
16149412
16149944
16150373
16150537
16150783
16151084
16151587
16152106
16152303
16152520
16152582
16152708
16152838
16153182
16153427
16153556
16154238
16155700
16155942
16156090
16158216
16158358
16158687
16159141
16159233
16159985
16160538
16161013
16161062
16161689
