31498370
31499549
31500801
31504365
31505392
31506284
31507036
31507092
31507967
31510895
31511648
31511687
31511907
31514309
31519230
31519921
31524228
31525954
31526866
31528421
31528699
31529630
31532744
31533136
31533827
31535273
31535471
31535536
31537577
31541481
31542563
31542741
31543490
31546513
31546524
31548309
31548507
31549572
31550844
31551201
31551452
31552861
31553082
31559183
31560457
31560831
31562389
31564062
31565194
31569770
31570406
31570851
31571406
31571539
31572317
31572500
31572579
31574433
31574746
31579484
31579749
31581521
31583731
31584148
31585332
31586548
31587188
31587866
31588190
31588895
31590018
31590137
31590847
31595036
31596292
31597480
31598455
31598752
31598806
31599170
31599991
31602610
31604095
31611291
31612947
31614560
31618430
31618812
31619323
31619330
31623543
31624819
31628199
31629377
31629978
31629991
31630197
31631174
31633112
31635046
