9029485
9030635
9030657
9030778
9030903
9032333
9032900
9032980
9033509
9034180
9034577
9034608
9035001
9035119
9036146
9036229
9037511
9037624
9038058
9038862
9041070
9041974
9042868
9042880
9043550
9044493
9044554
9044688
9044735
9045641
9045869
9046651
9046807
9047139
9048680
9048989
9049009
9049972
9050586
9050901
9051215
9052391
9052925
9054179
9054636
9054775
9055447
9055960
9056059
9056163
9056376
9056677
9057735
9057957
9058669
9058692
9059549
9059749
9059946
9060233
9060323
9060733
9061038
9061187
9061260
9061834
9062306
9062781
9062851
9062932
9064045
9064493
9065177
9066431
9066605
9066960
9067102
9068012
9069506
9070151
9070795
9071187
9071807
9071944
9071977
9072889
9074056
9074199
9074347
9075696
9076212
9076307
9076495
9076838
9077322
9078599
9078972
9079505
9079852
9079856
