17746817
17747165
17747548
17747747
17747890
17748352
17748789
17748979
17749771
17750877
17751404
17751760
17752197
17752900
17753501
17753671
17753925
17754289
17754467
17755989
17756095
17758680
17759022
17759829
17759956
17760040
17761229
17761386
17761566
17761796
17763550
17763575
17763684
17764447
17765987
17768310
17768888
17769258
17769438
17769740
17769862
17770639
17772266
17773709
17773852
17774155
17774784
17774817
17775681
17776734
17776851
17778357
17779850
17780006
17780190
17780352
17780562
17780854
17780950
17781185
17781247
17781532
17781629
17781727
17782094
17782446
17782766
17783931
17784488
17784562
17784627
17785763
17786057
17786870
17787360
17787732
17788509
17788739
17789233
17789645
17791032
17791735
17793199
17793721
17794972
17796580
17796597
17796613
17798964
17798974
17799471
17800047
17800680
17800894
17803569
17803590
17804489
17804818
17804904
17805271
