4805540
4805818
4805934
4806316
4806356
4806370
4806374
4806520
4806669
4806682
4806740
4807061
4807114
4807118
4807284
4807315
4807559
4807563
4807752
4807885
4807946
4808003
4808470
4808910
4808951
4809012
4809172
4809211
4809270
4809459
4809694
4809896
4809947
4809995
4810037
4810625
4810716
4810811
4810817
4810821
4810874
4810925
4811040
4811086
4811236
4811249
4811339
4811363
4811439
4811577
4811672
4811757
4811864
4811915
4812094
4812115
4812254
4812560
4812806
4812836
4813054
4813865
4814127
4814268
4814348
4814450
4814585
4814825
4814845
4814945
4815120
4815236
4815360
4815563
4815626
4815832
4815892
4815912
4815932
4816096
4816168
4816332
4816352
4816539
4816792
4816931
4817279
4817466
4817525
4817584
4817999
4818125
4818341
4818749
4818780
4819412
4819498
4819567
4819740
4819906
