27349399
27352609
27352747
27352796
27354476
27354746
27357589
27357649
27358436
27358581
27360938
27361177
27361484
27362109
27362208
27364276
27367711
27367990
27368035
27369116
27369168
27370055
27370678
27371000
27371162
27372025
27372502
27373390
27375836
27377220
27377368
27377918
27378145
27378589
27379852
27380067
27380116
27381347
27381523
27382662
27382731
27383405
27384499
27385160
27386628
27386778
27386957
27387080
27387628
27387663
27388270
27391810
27393557
27395061
27395915
27395946
27396788
27397852
27397917
27397985
27401249
27401374
27402113
27402831
27402850
27403705
27405174
27406716
27409462
27409521
27410715
27411088
27411147
27413314
27415998
27416404
27417240
27417712
27417790
27419316
27419923
27421511
27422768
27422857
27424708
27425111
27426008
27430914
27431360
27433204
27436084
27436659
27437992
27438834
27440071
27440587
27440975
27441106
27441238
27441699
