25648390
25648815
25652711
25655584
25657415
25659348
25660490
25660870
25661428
25662460
25664616
25665635
25665886
25668675
25671733
25673245
25674090
25676351
25676661
25676782
25677806
25679472
25680509
25681276
25681975
25683773
25684677
25684887
25684955
25687970
25698879
25707815
25715842
25715874
25718076
25719007
25719322
25732019
25738320
25741985
25760013
25760446
25760599
25762539
25764395
25764516
25765020
25768070
25768231
25768748
25770764
25774369
25775095
25775646
25775703
25776426
25778429
25779856
25780945
25781694
25781890
25782726
25784009
25784697
25786271
25791673
25793081
25793261
25793337
25794387
25794530
25794537
25795034
25795048
25795187
25795278
25795340
25795827
25796500
25798275
25798938
25799705
25800343
25800626
25801088
25803434
25803450
25806329
25806340
25806442
25806474
25807344
25808442
25808504
25808831
25811529
25811883
25813240
25814331
25819918
