4540155
4540322
4540417
4540522
4540820
4541354
4541624
4541707
4541718
4541752
4541755
4541774
4541787
4542086
4542364
4542490
4542616
4542744
4542979
4543230
4543288
4543531
4543657
4543979
4544040
4544167
4544316
4544497
4544562
4544799
4544924
4545420
4545618
4545723
4545752
4545982
4545987
4545989
4545993
4545999
4546000
4546003
4546004
4546008
4546016
4546017
4546018
4546033
4546034
4546035
4546037
4546038
4546048
4546207
4546269
4546275
4546312
4546523
4546602
4546808
4546885
4546919
4547142
4547362
4547586
4547786
4547814
4547934
4548045
4548226
4548259
4548389
4548456
4548919
4549107
4549185
4549294
4549515
4549560
4549881
4549901
4550063
4550116
4550166
4550580
4550700
4550749
4550856
4551037
4551865
4552057
4552137
4552445
4552707
4552759
4552772
4552803
4552817
4552822
