8883646
8884435
8884786
8885243
8885321
8886034
8886504
8886605
8888014
8888055
8888093
8888327
8888339
8888714
8888973
8889858
8890440
8890870
8891389
8891532
8892388
8892483
8892504
8892881
8893075
8893088
8893255
8893437
8893737
8894077
8895684
8895910
8896423
8896591
8897845
8898334
8899563
8900056
8900097
8900195
8900340
8901411
8902313
8902340
8902572
8902577
8903344
8904119
8905842
8905843
8905971
8906137
8906912
8907833
8908650
8909512
8911246
8912580
8912618
8912721
8913917
8913942
8914332
8915170
8915404
8915523
8915708
8917187
8917217
8918055
8918323
8919288
8919705
8920042
8920254
8920457
8920668
8921980
8922202
8922671
8922784
8922820
8923192
8923749
8924840
8925088
8925105
8925346
8925696
8926239
8926460
8926834
8926855
8927927
8928393
8928467
8928823
8928906
8929929
8929975
