800651
800795
800888
801044
801104
801457
801583
801601
801800
802188
802189
802242
802447
802507
802607
802619
802624
802646
802664
802677
802775
802801
802937
803046
803119
803469
803515
803525
803540
803541
803559
803566
803580
803590
803701
803769
803779
803800
803873
803888
803929
804163
804257
804684
804690
804696
805003
805106
805366
805526
805594
805840
805848
805869
806395
806479
806707
806846
806990
807045
807050
807160
807172
807492
807507
807580
807621
807796
807852
807908
807909
807913
807975
808025
808043
808159
808305
808306
808315
808316
808367
808375
808410
808441
808451
808493
808547
808548
808578
808617
808641
808722
808743
808790
808806
808812
808984
809017
809056
809122
