815803
816006
816137
816196
816353
816525
816550
816572
816882
816993
817082
817153
817196
817302
817373
817387
817479
817540
817541
817575
817580
817594
817633
817706
817868
817947
817972
818021
818175
818198
818280
818310
818318
818344
818449
818488
818543
818558
818605
818717
818763
818775
818968
819103
819240
819452
819478
819652
819721
819890
819913
820031
820308
820309
820443
820495
820612
820724
820792
820808
820855
820962
821095
821152
821311
821527
821586
821686
821754
821813
821851
821868
821945
822721
822725
822754
822793
823019
823086
823119
823289
823305
823434
823460
823548
823671
823682
823711
823771
823852
823930
824025
824132
824219
824298
824438
824495
824536
824566
824683
