7864032
7864234
7864250
7864850
7865663
7866050
7866372
7866418
7866956
7867079
7867756
7867809
7867824
7867840
7867967
7868023
7868294
7868356
7869064
7869585
7869626
7869794
7870131
7870532
7871084
7871333
7871654
7871659
7871662
7871725
7871933
7871954
7872127
7872208
7872412
7872556
7872634
7872680
7872974
7873027
7873036
7873111
7873341
7873508
7873687
7873701
7873717
7873894
7874251
7874269
7874311
7874559
7874600
7875005
7875275
7875355
7875399
7875523
7875757
7875773
7875835
7876054
7876253
7876280
7876409
7877071
7877151
7877433
7877474
7877665
7877675
7878112
7878380
7878529
7878536
7878573
7878683
7878753
7879446
7879964
7880162
7880181
7880283
7880922
7881391
7881597
7881659
7882847
7883622
7884210
7885099
7885239
7885366
7886599
7887170
7887194
7887517
7888226
7888427
7889065
