9896576
9896680
9896891
9897184
9898134
9898173
9898258
9898402
9898418
9898485
9899165
9899297
9899603
9900076
9900643
9900886
9901327
9901344
9901987
9903912
9904111
9904389
9904985
9905545
9905960
9906452
9906686
9906837
9906848
9906870
9906904
9907455
9907643
9907915
9908999
9909097
9909304
9909755
9909944
9910637
9911398
9911880
9912003
9912212
9912293
9912674
9912801
9913150
9913758
9914102
9914169
9915638
9916468
9916532
9916600
9917885
9917916
9918589
9918704
9920843
9920920
9921102
9921169
9922411
9923207
9924369
9926244
9926959
9927324
9927803
9928267
9928617
9928945
9929247
9929409
9929607
9930438
9930647
9931105
9931681
9932227
9932865
9933017
9933107
9933635
9933672
9933720
9933747
9934526
9934945
9935470
9935846
9935988
9936321
9936676
9936723
9937062
9937364
9937434
9937768
