1195922
1196002
1196144
1196236
1196274
1196302
1196505
1196992
1197034
1197199
1197369
1197404
1197993
1198159
1198208
1198249
1198368
1199000
1199017
1199232
1199525
1199592
1199686
1199820
1199857
1199959
1199984
1199990
1200016
1200040
1200115
1200217
1200226
1200414
1200584
1200601
1200735
1200740
1201056
1201123
1201199
1201208
1201236
1201261
1201313
1201403
1201600
1201875
1201933
1201966
1202013
1202032
1202092
1202190
1202204
1202249
1202371
1202403
1202686
1203050
1203176
1203271
1203404
1203566
1203983
1204034
1204141
1204447
1204564
1204629
1204660
1204709
1204725
1205028
1205136
1205213
1205258
1205335
1205449
1205454
1205474
1205662
1205673
1205714
1205880
1205940
1206095
1206116
1206366
1206470
1206580
1206592
1206755
1207158
1207279
1207467
1207623
1207956
1207959
1208063
