4819945
4820010
4820159
4820186
4820347
4820719
4820755
4820884
4820886
4821119
4821144
4821243
4821282
4821331
4821756
4821851
4821909
4822177
4822308
4822309
4822436
4822674
4822786
4823015
4823272
4823386
4824124
4824319
4824402
4824591
4824782
4824993
4825020
4825071
4825170
4825371
4825505
4825574
4826077
4826674
4826713
4826726
4826873
4827016
4827110
4827402
4827442
4827537
4827579
4827910
4827949
4828230
4828236
4828255
4828297
4828846
4828919
4829088
4829159
4829214
4829415
4829606
4829648
4829696
4829780
4829873
4829998
4830028
4830196
4830220
4830269
4830298
4830311
4830338
4830460
4830587
4830725
4830859
4830992
4831182
4831470
4831479
4831482
4831483
4831494
4831495
4831496
4831501
4831503
4831504
4831507
4831515
4831519
4831521
4831522
4831528
4831531
4831532
4831534
4831539
