2358182
2358373
2358404
2358429
2358545
2358726
2358730
2358804
2358876
2358919
2359207
2359212
2359286
2359570
2359924
2359985
2359991
2360051
2360112
2360461
2360510
2360550
2360641
2360895
2361111
2361140
2361307
2361637
2361873
2361956
2362124
2362214
2362225
2362326
2362332
2362333
2362402
2362470
2362744
2362796
2362838
2362911
2363288
2363362
2363473
2363652
2363887
2364167
2364326
2364364
2364677
2364851
2364853
2364898
2364899
2365406
2365429
2365482
2365513
2365664
2366009
2366075
2366214
2366331
2366344
2366416
2366515
2366580
2366611
2366718
2366846
2366997
2367130
2367169
2367267
2367274
2367393
2367615
2367722
2367781
2368098
2368111
2368265
2368349
2368400
2368502
2368657
2368681
2368816
2368891
2368931
2368966
2368976
2369165
2369207
2369266
2369273
2369301
2369339
2369589
