4696127
4696228
4696251
4696282
4696499
4696582
4696748
4696870
4696945
4697101
4697116
4697166
4697186
4697285
4697317
4697352
4697507
4697710
4698752
4698818
4698861
4699157
4699457
4699484
4699568
4699703
4699952
4700036
4700189
4700366
4700600
4700687
4700843
4700901
4700914
4701012
4701043
4701217
4701751
4702198
4702253
4702472
4702620
4702933
4703598
4704124
4704258
4704380
4705067
4705102
4705204
4705255
4706016
4706042
4706193
4706239
4706498
4706652
4706708
4706862
4706955
4706976
4707011
4707127
4707441
4707630
4708107
4708171
4708251
4708622
4708643
4708646
4708888
4708926
4709156
4709217
4709256
4709475
4709604
4709664
4709794
4709899
4710048
4710096
4710215
4710297
4710365
4710483
4711135
4711222
4711311
4711349
4711421
4711508
4711542
4711670
4711929
4711944
4712170
