514504
514547
514567
514582
514684
514775
514886
514960
515047
515193
515278
515346
515991
516907
517182
517710
520294
520616
521075
521477
521710
521808
521920
522675
522917
522954
523005
523095
523111
523161
523898
524097
526331
527351
527489
527579
527678
527942
527975
528033
528049
528510
528541
528733
528964
529003
529039
529042
529227
529760
530477
531153
531197
532112
532120
532495
532838
532992
533093
533391
533487
533565
533584
533688
533734
533758
533828
534016
534083
534107
534149
534241
534770
535866
536565
536785
536975
537102
537249
537539
537604
537641
537774
537854
537875
538139
538174
538224
538260
538404
538877
539062
540327
540480
540629
540865
540950
541015
541309
541328
