10896911
10897062
10897375
10897578
10897868
10898268
10899147
10899254
10900577
10900682
10901279
10901720
10901816
10901857
10902666
10903403
10903585
10903718
10903878
10904334
10904599
10904682
10905239
10905431
10905507
10905886
10906048
10906389
10906598
10906644
10906656
10907022
10907241
10907922
10908418
10908511
10909243
10909672
10909852
10910154
10910483
10910501
10910715
10910849
10911540
10911644
10911851
10912184
10912660
10912877
10912964
10913230
10914385
10914446
10915190
10915531
10916244
10916301
10916346
10916550
10916901
10917076
10917338
10917910
10918092
10918866
10920780
10920990
10921431
10922030
10922396
10922521
10922866
10922877
10924956
10925020
10925147
10925971
10926150
10926183
10926187
10926424
10926462
10926932
10927054
10927158
10927898
10928671
10928787
10929032
10929779
10931010
10931365
10931897
10932058
10932128
10932256
10932273
10932526
10932611
