2990828
2990984
2991294
2991598
2991696
2991829
2992424
2992582
2992641
2992757
2992769
2992834
2993224
2993299
2993738
2993953
2994382
2994737
2994751
2994791
2994850
2995079
2995130
2995371
2995566
2995615
2995839
2995996
2996064
2996331
2996456
2996470
2996527
2996572
2996584
2996975
2997023
2997140
2997375
2997433
2997696
2997809
2997948
2997975
2998122
2998175
2998628
2998751
2998796
2999121
2999151
2999289
2999440
2999477
2999517
2999575
2999646
2999941
3000055
3000160
3000227
3000241
3000244
3000287
3000506
3000545
3000678
3000839
3001157
3001295
3001488
3001617
3001646
3001715
3001741
3002072
3002182
3002364
3002420
3002472
3002540
3002621
3002642
3002741
3002866
3003080
3003295
3003359
3003379
3003532
3003678
3004385
3004936
3004972
3005053
3005133
3005145
3005175
3005178
3005256
