2865258
2865486
2865671
2865760
2865873
2866022
2866113
2866196
2866340
2866354
2866372
2866373
2866374
2866379
2866384
2866386
2866481
2866526
2866717
2866736
2866978
2867070
2867139
2867214
2867217
2867515
2867599
2867697
2867761
2867763
2867795
2868062
2868236
2868459
2868628
2868918
2868931
2869045
2869189
2869286
2869447
2869884
2869885
2870133
2870203
2870258
2871023
2871109
2871156
2871206
2871227
2871271
2871362
2871560
2871942
2872204
2872207
2872220
2872410
2872839
2872993
2873133
2873332
2873382
2873474
2873699
2873779
2873818
2873873
2873897
2873991
2874170
2874227
2874265
2874284
2874339
2874403
2874488
2874594
2874640
2874645
2874700
2875083
2875226
2875267
2875330
2875341
2875348
2875456
2875496
2875503
2875517
2875530
2875584
2875749
2876030
2876099
2876624
2876676
2876702
