32699913
32700666
32701006
32701128
32704094
32704856
32705058
32706937
32707153
32707644
32710324
32712286
32713024
32715690
32716091
32716692
32716915
32717048
32719582
32719739
32721416
32722743
32722887
32723520
32723866
32726047
32727850
32728563
32728960
32729469
32730623
32731488
32732643
32732913
32732984
32734191
32735826
32738163
32738511
32745206
32746668
32748331
32748521
32749178
32751365
32753680
32754520
32756525
32757248
32758307
32758375
32758409
32758964
32763207
32763550
32764967
32765386
32767252
32767869
32768033
32771078
32772028
32773272
32775426
32775580
32776219
32779068
32779199
32779601
32780727
32781225
32781545
32783228
32783374
32783670
32784040
32784299
32784825
32786590
32787167
32787957
32790423
32793520
32794009
32794612
32795216
32796007
32796740
32799040
32800659
32801674
32801717
32802250
32805588
32807592
32810023
32813761
32814500
32815979
32816943
