7838496
7838522
7838627
7838731
7838842
7839742
7839930
7840184
7840198
7840283
7840349
7840582
7841056
7841176
7841395
7841459
7841680
7842486
7842653
7842922
7843071
7843238
7843246
7843544
7844040
7844049
7844198
7844399
7844590
7844905
7845164
7845494
7845564
7846043
7846555
7846897
7847152
7847273
7847396
7847420
7847929
7848179
7848366
7848538
7848593
7849360
7849789
7850335
7850373
7851208
7851490
7852124
7852396
7852508
7852617
7853228
7853405
7853416
7853474
7853692
7853838
7855015
7855301
7855422
7855512
7855554
7856027
7856127
7856266
7856603
7856845
7856904
7857471
7857598
7857899
7858221
7858308
7858538
7858564
7859024
7859375
7859433
7859716
7859762
7860133
7860277
7860364
7860371
7860593
7860901
7860921
7861471
7861784
7862281
7862699
7862804
7863301
7863634
7863807
7863959
