37002827
37003506
37006996
37009153
37010952
37012385
37013872
37014506
37014803
37015804
37016746
37017012
37017633
37018195
37018310
37018469
37019026
37019187
37020868
37021248
37021581
37022507
37023413
37023651
37024822
37025888
37025939
37033166
37033638
37035287
37037076
37037125
37037590
37039777
37040138
37043179
37043302
37043920
37047607
37048597
37048878
37051490
37052622
37054014
37054508
37059027
37059564
37060157
37063240
37063332
37064287
37067777
37072424
37073480
37073767
37074968
37075378
37077117
37078377
37079338
37081377
37083372
37083929
37084406
37085566
37085991
37086318
37086705
37088888
37093092
37093840
37094266
37095370
37097874
37100520
37100539
37100964
37101454
37108240
37115805
37115938
37118375
37120560
37122299
37127966
37129898
37132286
37133698
37133752
37135372
37138633
37139774
37142382
37143368
37152113
37152334
37153265
37153438
37153563
37159180
