621793
621800
621916
621920
621961
621969
622323
622346
622475
622490
622495
622666
622886
622991
623041
623055
623171
623302
623325
623335
623354
623602
623823
624042
624053
624301
624389
624453
624463
624612
624754
624804
625035
625087
625209
625258
625303
625608
625614
625904
626055
626058
626462
626541
626571
626628
626662
626863
626879
626990
627030
627093
627202
627289
627327
627337
627540
627566
627609
627719
627751
627764
627862
627951
627963
628159
628359
628444
628456
628974
628996
629084
629459
629516
629701
629776
630093
630392
630618
630619
630681
630727
630811
630885
630905
630971
631322
631362
631378
631425
631460
631612
631903
632006
632052
632118
632235
632350
632382
632449
