21980269
21980322
21981693
21981721
21981875
21983398
21983757
21985035
21985348
21987061
21987272
21988069
21988731
21990508
21991075
21992033
21992464
21994495
21994677
21995450
21995538
21995717
21995819
21997134
21998697
21999339
21999861
22000164
22000304
22000383
22000767
22000994
22001205
22001879
22002663
22002792
22003812
22006769
22007132
22008707
22012607
22013199
22013242
22014637
22014680
22016232
22016270
22018081
22020289
22020307
22020599
22021685
22023416
22024086
22024794
22024828
22025053
22025055
22025320
22025710
22026149
22027206
22027767
22028699
22028920
22031345
22031599
22031766
22032884
22034084
22034543
22034706
22035245
22035585
22035738
22035994
22036890
22037565
22037732
22037827
22037968
22038120
22038486
22039434
22040585
22043799
22043894
22044444
22046705
22047841
22048123
22048308
22051710
22052649
22052893
22053067
22053235
22054569
22054610
22054628
