21141113
21145283
21146518
21147611
21147755
21148797
21149253
21150302
21150340
21151717
21152224
21153248
21153702
21153898
21154179
21154253
21154811
21155182
21155480
21155626
21156394
21157323
21159705
21159958
21160743
21162171
21162524
21162971
21163440
21164108
21164590
21165263
21165275
21165649
21166476
21167934
21167996
21168958
21169950
21170128
21170340
21170798
21171328
21172134
21172625
21173092
21173409
21173558
21174030
21174414
21174813
21175133
21176021
21178082
21178399
21178490
21179423
21180143
21183178
21184249
21185777
21186645
21189439
21189766
21190473
21190546
21192694
21193148
21193278
21194126
21194279
21195303
21195622
21196214
21197203
21197448
21197874
21197879
21198331
21198739
21199313
21199522
21200155
21200591
21200694
21201069
21202168
21202238
21202489
21203339
21203738
21203950
21204478
21204619
21205973
21206847
21208173
21209464
21210682
21212287
