749205
749259
749268
749342
749428
749453
749458
749507
749552
749565
749816
749896
749981
750045
750094
750102
750222
750368
750452
750460
750576
750582
750837
750929
750936
751034
751202
751218
751280
751381
751579
752004
752077
752096
752156
752259
752367
752412
752498
752528
752666
752707
752806
752882
752944
753185
753312
753388
753555
753572
753667
753770
753821
753930
754014
754081
754116
754316
754362
754398
754448
754607
754656
754698
754868
755305
755365
755398
755706
755749
755765
755767
756077
756154
756434
756462
756584
756648
756935
757109
757313
757352
757399
757438
757518
757661
757844
757915
757955
758000
758081
758088
758155
758233
758312
758419
758527
758579
758605
758623
