9750078
9750944
9751042
9751254
9751582
9752102
9752613
9752633
9753256
9753524
9753585
9754023
9754108
9754424
9755029
9755037
9755041
9755342
9755883
9756042
9756329
9756585
9756615
9757086
9757180
9757390
9757586
9757845
9758719
9758739
9759641
9760594
9760910
9762705
9762865
9762924
9763158
9763585
9763636
9764269
9764661
9765126
9766511
9768655
9768902
9771401
9771900
9771979
9772102
9772202
9772355
9772790
9773252
9773394
9773536
9773797
9773997
9774103
9774299
9774339
9774522
9774851
9775141
9775366
9775409
9775657
9775672
9775890
9776135
9776209
9776699
9776935
9777051
9777386
9777616
9777660
9777680
9777689
9777855
9777941
9777944
9778216
9778737
9778881
9779222
9779265
9779665
9780177
9780593
9780707
9780813
9780950
9780956
9781151
9781152
9781172
9781639
9782004
9782034
9782314
