4028475
4028668
4028710
4028768
4028798
4028939
4028969
4029142
4029265
4029344
4029482
4029638
4029643
4030073
4030193
4030250
4030388
4030450
4030566
4030674
4030737
4030804
4030850
4030989
4031128
4031220
4031221
4031349
4031471
4031518
4031600
4031832
4031998
4032182
4032474
4032534
4033064
4033116
4033526
4033763
4034107
4034112
4034147
4034227
4034416
4034633
4034864
4034929
4034994
4035019
4035033
4035147
4035169
4035270
4035686
4036013
4036133
4036293
4036326
4036554
4036951
4037130
4037704
4037794
4038159
4038525
4038571
4038840
4038965
4039036
4039375
4039480
4039546
4039867
4039997
4040294
4040571
4041160
4041207
4041384
4041805
4042020
4042138
4042206
4042534
4042954
4043544
4043630
4043924
4043971
4044352
4044414
4044539
4044565
4044599
4044773
4044795
4044982
4045221
4045336
