7468219
7468332
7468344
7468438
7468631
7468812
7468823
7468983
7469374
7469831
7470049
7470299
7470563
7470584
7471620
7471683
7471967
7472067
7472188
7472193
7472574
7472988
7473770
7474043
7474366
7474980
7475015
7475087
7475148
7475851
7475911
7475922
7475927
7475979
7476075
7476196
7476624
7477085
7477357
7477400
7477470
7477505
7477782
7477906
7478409
7478594
7479095
7479285
7479577
7479894
7480307
7480336
7481046
7481248
7481392
7481701
7481727
7481738
7481969
7482097
7482182
7482415
7482921
7483170
7483418
7483797
7484763
7485293
7485610
7485895
7485897
7485997
7486007
7486053
7486736
7486742
7487017
7487634
7487656
7487732
7488295
7488342
7488369
7488406
7488844
7488954
7489451
7489795
7489941
7490171
7490471
7490492
7490620
7490680
7490765
7491645
7491783
7491814
7491968
7492035
