1679026
1679077
1679162
1679165
1679352
1679511
1679588
1679678
1679681
1679958
1680019
1680040
1680264
1680333
1680651
1681148
1681356
1681578
1681605
1681665
1681911
1681952
1682014
1682082
1682090
1682201
1682477
1682481
1682543
1682584
1682610
1682630
1682713
1682738
1682766
1682844
1682907
1683387
1683410
1683455
1683539
1683576
1683658
1683745
1683799
1683810
1683857
1683991
1684158
1684228
1684296
1684323
1684382
1684482
1684602
1684621
1684635
1684860
1684888
1684936
1685222
1685272
1685276
1685607
1685741
1685791
1685985
1686064
1686168
1686354
1686403
1686417
1686418
1686479
1686547
1686564
1686567
1686568
1686569
1686570
1686571
1686572
1686573
1686574
1686577
1686579
1686580
1686581
1686582
1686583
1686588
1686593
1686596
1686598
1686602
1686614
1686615
1686954
1687071
1687164
