1055852
1055871
1056105
1056140
1056381
1056676
1056725
1056814
1056992
1057149
1057163
1057168
1057241
1057717
1057794
1057835
1057913
1057915
1058222
1058294
1058349
1058408
1058424
1058459
1058512
1058551
1058600
1058670
1058717
1058759
1059018
1059653
1059816
1059856
1059870
1060060
1060090
1060092
1060230
1060503
1060620
1060628
1060805
1060924
1061346
1061356
1061519
1061524
1061569
1061692
1061757
1061787
1062104
1062364
1062425
1062463
1062469
1062527
1062528
1062578
1062590
1062633
1062688
1062868
1062961
1062992
1063040
1063244
1063430
1063474
1063498
1063586
1063633
1063694
1063902
1064123
1064155
1064217
1064375
1064501
1064546
1064777
1064903
1064996
1065121
1065165
1065366
1065415
1065602
1065605
1065635
1065747
1065805
1065822
1065846
1065907
1065910
1065932
1065947
1065990
