10125023
10125104
10125745
10127425
10127656
10127886
10128090
10128279
10128533
10129526
10129890
10129969
10131231
10131597
10132700
10132985
10133052
10133067
10135517
10136052
10136315
10136611
10137383
10137512
10138323
10138996
10139676
10140366
10140436
10140484
10141255
10141275
10141676
10141749
10142805
10144248
10144921
10145106
10145630
10146216
10146263
10147258
10147506
10147983
10148964
10149379
10149441
10149538
10149891
10149902
10151917
10152094
10152802
10152936
10152947
10153198
10153547
10154000
10154085
10154939
10155319
10156663
10156773
10157102
10157888
10157938
10158540
10158575
10158909
10160053
10160340
10160751
10162630
10163111
10163360
10163910
10164312
10164426
10165062
10166026
10166325
10166392
10166551
10167238
10167696
10167697
10168480
10168568
10168786
10168889
10169189
10169973
10170055
10170175
10170221
10170299
10170845
10171119
10171558
10172291
