2139392
2139454
2139555
2139654
2139725
2139765
2139797
2139953
2139978
2140050
2140160
2140194
2140498
2140517
2140523
2140620
2140757
2140806
2140898
2141149
2141171
2141185
2141840
2141932
2141953
2142019
2142086
2142624
2142653
2142693
2142927
2143016
2143049
2143266
2143292
2143351
2143587
2143774
2143812
2143983
2144025
2144026
2144331
2144614
2144615
2144650
2144905
2145089
2145242
2145462
2145757
2146180
2146187
2146231
2146264
2146417
2146517
2146725
2147128
2147168
2147270
2147405
2147421
2147482
2147534
2147728
2147763
2148299
2148439
2148718
2148726
2148790
2148883
2148958
2149187
2149267
2149410
2149563
2149579
2149617
2149660
2149806
2150074
2150154
2150208
2150434
2150553
2150839
2150921
2150989
2151049
2151389
2151476
2151781
2151904
2152254
2152339
2152835
2153005
2153185
