8121139
8121454
8121516
8121634
8121684
8121864
8122208
8122511
8122744
8122867
8123206
8123421
8124145
8124751
8125156
8125305
8125386
8125489
8125512
8125643
8125874
8125957
8126082
8126773
8127145
8127367
8128047
8128094
8128100
8128656
8128677
8129057
8129161
8129755
8129873
8131154
8131242
8131314
8131322
8132266
8133631
8133870
8134160
8134412
8134940
8135209
8136434
8136454
8136530
8136793
8136890
8137823
8137828
8137860
8138645
8139217
8139310
8139490
8139741
8139801
8139834
8139904
8140329
8140582
8140693
8140937
8141152
8141666
8141874
8142450
8142565
8142723
8142975
8143066
8143095
8143262
8143493
8143625
8143792
8143909
8144037
8144426
8144968
8145406
8145414
8145985
8146001
8146525
8147568
8147768
8149029
8149326
8149614
8149759
8150532
8150553
8150595
8150763
8151224
8151231
