28281040
28282612
28284785
28285449
28286270
28286463
28286513
28286924
28287461
28287965
28289553
28290378
28292478
28293164
28295446
28295656
28295703
28298539
28298889
28299763
28299934
28300351
28302166
28306248
28307008
28307032
28308060
28310157
28312666
28314258
28315486
28316903
28318392
28319184
28319192
28321439
28322325
28324464
28326950
28327299
28328987
28329657
28331295
28333463
28334066
28334564
28334865
28335452
28335489
28336380
28337028
28339189
28339386
28339634
28341082
28341465
28341875
28343357
28346111
28347145
28347342
28350454
28353817
28357543
28357676
28359345
28363144
28364773
28365062
28366227
28367404
28367563
28368279
28368313
28370414
28370876
28373871
28377833
28377881
28378831
28386311
28387567
28392500
28393388
28393773
28396402
28396425
28396577
28396681
28397365
28397397
28398277
28401341
28401601
28401793
28402060
28402233
28403404
28404902
28405233
