2723722
2724098
2724115
2724124
2724222
2724290
2724314
2724474
2724482
2724489
2724668
2724862
2724905
2725056
2725284
2725300
2725466
2725494
2726008
2726263
2726414
2726491
2726493
2726558
2726705
2727243
2727341
2727367
2727653
2727660
2727661
2727662
2727663
2727664
2727665
2727667
2727669
2727672
2727683
2727798
2727802
2727803
2727819
2727927
2727931
2727932
2727933
2727939
2727945
2727949
2727989
2727991
2728215
2728319
2728379
2728485
2728659
2728895
2729025
2729290
2729441
2729572
2729658
2729851
2729897
2730512
2730551
2730586
2730983
2731022
2731873
2731884
2732261
2732549
2732550
2732683
2732870
2732925
2732954
2733335
2733594
2733686
2733815
2733816
2733843
2733938
2734196
2734231
2734416
2734613
2734662
2734769
2734823
2734877
2735035
2735085
2735372
2735486
2735541
2735592
