1267826
1267899
1268020
1268141
1268344
1268379
1268459
1268493
1268501
1268577
1269318
1269392
1269433
1269574
1269628
1269730
1269819
1269854
1269880
1270006
1270200
1270217
1270279
1270282
1270301
1270303
1270469
1270661
1270903
1270982
1271002
1271049
1271074
1271120
1271124
1271178
1271259
1271328
1271372
1271388
1271415
1271418
1271650
1271662
1271809
1271982
1271992
1272096
1272149
1272155
1272539
1272610
1272666
1272755
1272788
1272817
1272864
1272914
1273085
1273164
1273222
1273257
1273361
1273382
1273541
1273695
1273894
1273901
1273917
1273963
1274023
1274048
1274105
1274129
1274293
1274350
1274405
1274615
1274639
1274895
1275074
1275115
1275134
1275224
1275438
1275594
1275728
1275753
1275764
1275765
1275771
1275781
1275836
1275968
1275980
1276134
1276209
1276234
1276238
1276312
