7396263
7396418
7396859
7397393
7397659
7397973
7398059
7398520
7398845
7399193
7399344
7399722
7399772
7399892
7400099
7400143
7400244
7400479
7400591
7401147
7401211
7401344
7401410
7401426
7402117
7402679
7402836
7403283
7403711
7403784
7403979
7404178
7404238
7404270
7404501
7404573
7404633
7404857
7405217
7405227
7405500
7405577
7405616
7406052
7406113
7406144
7406312
7406518
7406704
7406740
7406989
7407528
7407562
7407576
7407586
7407712
7407783
7407949
7408138
7408142
7408187
7408514
7408719
7408775
7409016
7409049
7409434
7409470
7409479
7409665
7409804
7409980
7410064
7410496
7410747
7410766
7411572
7411658
7411820
7411917
7412141
7412779
7412993
7413088
7413467
7414263
7414363
7414580
7415067
7415308
7415309
7415648
7415762
7415923
7416293
7416666
7416781
7416948
7417142
7417227
