142801
142806
142837
142965
142969
142980
143010
143086
143472
143573
143682
144011
144022
144030
144068
144134
144136
144141
144152
144174
144198
144239
144287
144547
144569
144579
144727
144737
144763
144767
144893
144978
145023
145085
145181
145530
145536
145577
145674
145727
145863
145888
145998
146052
146113
146141
146602
146646
146663
146719
146745
146769
146870
147212
147289
147309
147466
147603
147708
147892
148038
148356
148529
148567
148664
148671
148679
148710
148725
148780
148811
148999
149013
149100
149147
149151
149177
149325
149378
149831
149928
150142
150227
150231
150637
150794
150847
150892
151008
151020
151086
151206
151361
151400
151419
151437
151440
151518
151597
151619
