10609650
10609655
10610079
10610084
10610255
10610858
10610920
10611146
10611606
10611691
10611697
10613056
10613421
10614690
10614721
10615351
10615716
10615993
10616010
10616078
10617101
10617155
10617271
10618076
10619909
10620591
10620821
10621037
10621119
10621234
10621571
10622299
10623795
10624006
10624375
10624459
10624590
10625475
10626416
10626804
10627719
10628131
10628595
10628921
10629457
10630899
10631037
10631074
10632027
10632281
10632371
10632603
10633182
10633329
10633334
10633727
10633749
10633929
10634275
10634529
10634801
10634870
10635113
10635584
10635904
10636150
10636951
10637788
10638037
10638861
10639753
10640032
10640231
10640326
10640413
10642655
10642917
10643094
10643184
10643994
10644296
10644511
10644757
10644775
10645748
10645770
10646155
10646225
10647214
10647375
10649219
10649351
10649531
10650145
10650247
10650308
10650386
10650529
10651419
10651602
