1174484
1174537
1174644
1174874
1174965
1175051
1175103
1175144
1175190
1175200
1175267
1175271
1175373
1175455
1175468
1175635
1175728
1176005
1176101
1176158
1176210
1176296
1176340
1176365
1176460
1176508
1176509
1176645
1176651
1176833
1176951
1176972
1177181
1177504
1177534
1177620
1177740
1177955
1178096
1178132
1178167
1178175
1178264
1178395
1178469
1178570
1178600
1178653
1178678
1178748
1178757
1178920
1178999
1179072
1179124
1179147
1179269
1179271
1179294
1179381
1179579
1179589
1179615
1179650
1179925
1180061
1180257
1180287
1180373
1180542
1180744
1180857
1180889
1180977
1181115
1181125
1181173
1181304
1181352
1181435
1181505
1181565
1181669
1181829
1181840
1182019
1182036
1182046
1182096
1182232
1182253
1182339
1182361
1182456
1182922
1182953
1183032
1183141
1183163
1183221
