4097175
4097202
4097319
4097379
4097805
4097954
4098027
4098138
4098150
4098342
4098374
4098666
4099020
4099134
4099206
4099510
4099580
4099581
4099740
4099956
4100056
4100065
4100093
4100195
4100361
4100377
4100444
4100452
4100669
4100700
4100750
4100763
4100923
4101335
4101682
4101715
4101928
4102032
4102041
4102113
4102231
4102413
4102628
4102780
4102801
4102834
4102952
4103346
4103478
4103559
4103574
4103588
4103606
4103622
4103870
4104177
4104484
4104535
4104577
4104598
4104616
4104922
4105011
4105373
4105399
4105412
4105508
4105840
4105874
4105926
4105934
4106789
4107671
4107704
4107885
4107910
4108075
4108216
4108264
4108718
4108880
4108922
4108956
4109136
4109145
4109218
4109224
4109257
4109315
4109402
4109552
4109553
4109626
4109659
4109733
4109932
4109955
4110187
4110361
