4579167
4579391
4579405
4579517
4579885
4580003
4580017
4580061
4580366
4580482
4580516
4580558
4580594
4580841
4580914
4581159
4581589
4581646
4581719
4581978
4582045
4582091
4582516
4582535
4582551
4582985
4583036
4583169
4583346
4583661
4583896
4583914
4583998
4584197
4584351
4584417
4584646
4584755
4585224
4585364
4585396
4585620
4585903
4585917
4585956
4585975
4585984
4586058
4586077
4586102
4586586
4586687
4586714
4587079
4587134
4587236
4587955
4588121
4588133
4588395
4588480
4588726
4588727
4588855
4588918
4588937
4588953
4588992
4589028
4589064
4589066
4589379
4589775
4589785
4589861
4590021
4590199
4590294
4590441
4590517
4590520
4590662
4591494
4591608
4591859
4591886
4592141
4592228
4592570
4592689
4592745
4592771
4592976
4592981
4593092
4593305
4593325
4593541
4593553
4593606
