2977259
2977291
2977388
2977442
2977485
2977516
2977561
2977563
2977646
2977753
2978435
2978683
2979310
2979560
2979687
2979727
2979732
2979815
2980156
2980292
2980348
2980420
2980457
2980571
2980604
2980796
2981129
2981365
2981441
2981462
2981465
2981652
2981761
2982195
2982317
2982335
2982535
2982593
2982908
2982965
2983083
2983085
2983140
2983671
2984212
2984237
2984387
2984807
2984921
2985074
2985367
2985434
2985588
2985625
2985652
2985680
2985829
2985834
2985950
2986010
2986045
2986055
2986060
2986275
2986377
2986731
2986995
2987145
2987255
2987424
2987444
2987621
2987717
2987911
2987973
2988007
2988062
2988291
2988356
2988543
2988610
2988750
2988765
2988846
2988955
2989219
2989236
2989322
2989449
2989497
2989521
2989588
2989591
2989675
2989948
2990310
2990396
2990442
2990642
2990827
