21212345
21213959
21214490
21214845
21215192
21215465
21215816
21216086
21217386
21217390
21217623
21218429
21219871
21219916
21220254
21220756
21223453
21223656
21224898
21225185
21226655
21226903
21229676
21230318
21230853
21231802
21233732
21234039
21234117
21234394
21234857
21235880
21236751
21238106
21241274
21242582
21244449
21244697
21244920
21245280
21245460
21245595
21245940
21246081
21246342
21247314
21247650
21248479
21248827
21248855
21248952
21249008
21249019
21249871
21250878
21250965
21251311
21252514
21253872
21254424
21255579
21256398
21256519
21257895
21258057
21259357
21259589
21262159
21262331
21262563
21263723
21264216
21264432
21264670
21264822
21267501
21268108
21269587
21271940
21272687
21272976
21273941
21274026
21274090
21274333
21274517
21274959
21275982
21276976
21277371
21279462
21279680
21280801
21280888
21282230
21283462
21283539
21284219
21284865
21285806
