4770563
4770841
4770894
4770930
4770972
4771002
4771042
4771059
4771151
4771186
4771194
4771239
4771263
4771282
4771509
4771518
4771536
4771567
4771653
4771715
4772232
4772404
4772495
4772519
4772666
4772868
4772922
4773056
4773137
4773179
4773558
4773625
4773737
4773971
4774122
4774183
4774200
4774211
4774267
4774291
4774352
4774361
4774530
4774545
4774711
4774757
4774791
4774823
4774909
4774948
4775047
4775278
4775474
4775562
4775712
4775817
4775849
4776057
4776151
4776609
4776642
4776762
4776763
4777022
4777179
4777600
4777605
4777695
4777705
4777795
4778068
4778097
4778240
4778715
4778820
4778843
4778983
4778996
4779177
4779291
4779487
4779539
4779626
4779641
4779646
4779667
4779755
4779878
4779977
4780302
4780341
4780423
4780545
4780566
4780569
4780634
4780685
4780782
4780795
