1601191
1601203
1601367
1601513
1601574
1601874
1601881
1601946
1601990
1602006
1602094
1602099
1602172
1602247
1602272
1602281
1602297
1602301
1602371
1602544
1602576
1602635
1602834
1602868
1602923
1602926
1602978
1603009
1603014
1603118
1603234
1603337
1603479
1603505
1603556
1603607
1603716
1603821
1604173
1604185
1604217
1604263
1604483
1604575
1604602
1604737
1604742
1604906
1604972
1605131
1605201
1605366
1605396
1605439
1605722
1606207
1606359
1606388
1606399
1606419
1606501
1606552
1606589
1606649
1606667
1606795
1606805
1607184
1607230
1607420
1607736
1607754
1607761
1607794
1607926
1607976
1608064
1608121
1608480
1608616
1608637
1608649
1608886
1608932
1608978
1609004
1609081
1609133
1609139
1609204
1609275
1609377
1609387
1609390
1609431
1609849
1609983
1610189
1610218
1610282
