2051720
2051817
2051843
2051853
2051977
2052073
2052132
2052241
2052263
2052301
2052364
2052564
2052664
2053320
2053370
2053535
2053677
2053889
2053916
2053961
2053967
2054133
2054373
2054440
2054453
2054587
2054686
2054693
2054698
2054747
2054769
2054806
2054929
2054983
2055176
2055183
2055361
2056048
2056129
2056188
2056235
2056419
2056455
2056536
2056567
2056716
2056865
2056908
2056940
2057033
2057076
2057202
2057294
2057437
2057618
2058106
2058124
2058151
2058159
2058221
2058251
2058377
2058501
2058524
2058547
2058616
2058721
2058784
2058873
2058959
2059619
2059858
2059973
2060123
2060221
2060244
2060632
2060682
2060751
2060908
2061090
2061129
2061162
2061384
2061512
2061646
2061727
2061957
2062205
2062869
2062990
2063164
2063222
2063664
2063707
2063825
2063847
2063912
2063938
2064154
