3102251
3102366
3102480
3102552
3102609
3102740
3102770
3102867
3102910
3103109
3103121
3103314
3103435
3103486
3103624
3103774
3103935
3104032
3104035
3104319
3104339
3104355
3104425
3104434
3104465
3104540
3104595
3104791
3104882
3105186
3105237
3105499
3105507
3105510
3105655
3105729
3105754
3105780
3105836
3105943
3106016
3106051
3106690
3106775
3106917
3106980
3107334
3107416
3107599
3107684
3107766
3107870
3108032
3108047
3108152
3108206
3108266
3108302
3108330
3108364
3108396
3108415
3108511
3108547
3108568
3108571
3108818
3108858
3108900
3108957
3108978
3109017
3109272
3109278
3109317
3109376
3109479
3109610
3109687
3109729
3109766
3109862
3109870
3109897
3109902
3109926
3109947
3109962
3109966
3110151
3110226
3110338
3110388
3110403
3110415
3110493
3110508
3110512
3110599
3110764
