454753
454907
455049
455073
455247
455271
455279
455603
455686
455846
457167
458143
458845
460119
460259
462044
462771
463113
464306
464999
465016
465099
465662
465708
465709
466069
466336
466591
466597
466889
467368
467988
468023
468249
470357
470851
471724
472694
473743
475221
476700
476960
477168
477300
477464
477537
477905
478190
478396
478460
478807
479600
481111
481318
481444
481947
482838
484099
488413
488559
489630
489885
490027
491067
492298
492871
494748
495082
496363
497369
500210
500567
501342
501556
502012
502157
502267
502533
502715
502911
504256
504849
506469
507187
508567
511542
511671
512219
513028
513356
513433
513688
513780
513829
513910
513996
514018
514165
514204
514467
