5326676
5326733
5326773
5326813
5326893
5327137
5327251
5327466
5327473
5327504
5328566
5328632
5328645
5329137
5329933
5330222
5330647
5330679
5331681
5331820
5332294
5332296
5332357
5332862
5332917
5332974
5333042
5333349
5333351
5333526
5333553
5333744
5334258
5334305
5334321
5334438
5334588
5334653
5334731
5334800
5334913
5334960
5335204
5336035
5336214
5336246
5336610
5336755
5336852
5338220
5338337
5338442
5338507
5338552
5338599
5338763
5338883
5339075
5339216
5339255
5339319
5339451
5339537
5339764
5339829
5340014
5340638
5340661
5340738
5340963
5340997
5341038
5341054
5341124
5341329
5341394
5341642
5341766
5341882
5342034
5342036
5342264
5342280
5342300
5343196
5343391
5344105
5344186
5344293
5344604
5344648
5344741
5344871
5344968
5345042
5345517
5345690
5345802
5345881
5345942
