8270722
8270982
8272295
8272741
8273124
8273442
8273546
8273730
8274559
8274958
8275063
8275260
8275786
8275909
8277098
8277632
8277858
8278042
8278052
8278205
8278374
8278860
8279106
8279660
8279891
8281025
8281392
8281495
8281569
8281570
8281743
8282015
8282797
8282943
8283591
8283987
8284022
8284065
8284090
8284289
8284770
8284994
8285100
8285858
8287397
8287748
8287762
8287892
8287919
8289362
8289576
8290055
8290390
8290406
8290455
8291240
8291431
8291653
8291835
8291850
8292417
8293248
8293509
8293679
8293809
8293847
8294084
8294757
8294803
8294964
8295184
8295284
8295405
8296039
8296237
8296286
8296323
8296388
8296542
8296676
8297011
8297064
8297097
8297258
8297278
8297594
8297618
8297759
8298148
8298475
8299565
8299644
8299864
8300057
8300100
8300257
8300456
8300605
8300830
8300925
