17381085
17381892
17382365
17382435
17383259
17383347
17383402
17383837
17383960
17385139
17385510
17385782
17385952
17386062
17386372
17386377
17387645
17387725
17387746
17388402
17389588
17391038
17392649
17392925
17393574
17393810
17393831
17394642
17395012
17395616
17396214
17397051
17398759
17399170
17400826
17400992
17401503
17401541
17401675
17401866
17402807
17403756
17405029
17405535
17405994
17407375
17407543
17407639
17408049
17408099
17408520
17408975
17409541
17409664
17409781
17409784
17409877
17410923
17411280
17413108
17414111
17414229
17415449
17415468
17415909
17416226
17417577
17417986
17419027
17419537
17420169
17421179
17421832
17422177
17422585
17423564
17423574
17426499
17427941
17429691
17431014
17431463
17432834
17433843
17433845
17433948
17434492
17434748
17434847
17434989
17436108
17437745
17437766
17437826
17438007
17438960
17439071
17439123
17439183
17439239
