1386484
1386501
1386644
1386659
1386706
1386744
1386801
1386890
1386971
1387047
1387141
1387160
1387220
1387248
1387392
1387447
1387461
1387462
1387621
1387704
1387766
1387789
1387828
1387849
1387872
1388050
1388102
1388158
1388206
1388213
1388227
1388333
1388378
1388406
1388415
1388461
1388493
1388623
1388630
1389087
1389526
1389545
1389710
1389748
1389936
1390085
1390208
1390576
1390787
1390891
1390988
1391044
1391160
1391209
1391731
1391754
1391860
1391890
1392158
1392331
1392338
1392341
1392377
1392430
1392446
1392478
1392500
1392541
1392562
1392653
1392654
1392696
1392741
1392747
1392853
1392875
1393005
1393133
1393303
1393336
1393377
1393404
1393412
1393524
1393533
1393537
1393555
1393600
1394331
1394386
1394526
1394767
1394967
1395049
1395073
1395108
1395362
1395369
1395446
1395561
