5139069
5139245
5139379
5139483
5139672
5139685
5139809
5139964
5140238
5140289
5140301
5140318
5140463
5140555
5140636
5141047
5141298
5141403
5141484
5141636
5141680
5141764
5141889
5142266
5142298
5142540
5142990
5143508
5144086
5144620
5145063
5145132
5145286
5145404
5145508
5145708
5145736
5145820
5145841
5145858
5146224
5146305
5146315
5146329
5146402
5146563
5146797
5146963
5147048
5147242
5147554
5147598
5147626
5148104
5148249
5148321
5148731
5148938
5149017
5149210
5149235
5149259
5149386
5149455
5149466
5149556
5149694
5149714
5149744
5149769
5149821
5149858
5149896
5149979
5150240
5150493
5150520
5150737
5150798
5150975
5151149
5151389
5151470
5151503
5151652
5151656
5151747
5151768
5152142
5152397
5152480
5152481
5152540
5152670
5152697
5152721
5152859
5153120
5153151
5153469
