27009497
27010089
27011199
27011445
27013108
27013904
27015466
27017773
27018199
27018436
27018448
27020000
27021078
27024182
27026306
27026768
27026864
27028478
27029846
27030935
27031053
27031072
27032965
27033022
27033047
27035030
27035960
27037203
27037247
27037394
27039156
27039620
27040283
27041131
27041596
27042094
27042292
27044707
27046073
27046597
27049699
27049807
27050148
27055827
27055922
27057890
27057969
27059104
27060895
27061300
27062668
27066303
27066365
27067307
27069381
27069829
27069955
27070538
27071255
27071535
27072854
27074241
27077125
27079118
27080038
27080793
27083894
27084286
27085325
27085927
27086264
27086396
27086478
27086691
27088128
27088394
27088926
27089717
27089986
27090193
27090281
27090611
27091292
27092066
27092241
27092725
27093177
27093687
27097135
27097410
27099105
27101498
27103251
27104409
27104442
27106797
27106956
27107111
27107336
27107494
