931432
931448
931460
931596
931633
931680
931723
931804
931808
931934
931957
931973
932013
932060
932151
932434
932473
932593
932699
932713
932742
932776
932799
932800
932801
932901
933008
933227
933355
933498
933520
933551
933635
933766
933837
933946
933971
934142
934187
934256
934404
934458
934680
934729
934807
935009
935089
935119
935139
935142
935425
935470
935475
935550
935563
936201
936352
936420
936449
936470
936565
936637
936643
936679
936707
936746
936908
937053
937132
937210
937255
937259
937270
937382
937587
937660
937678
937721
937823
937893
937912
937921
937937
937974
938225
938253
938493
938589
938631
938799
938833
939147
939275
939302
939475
939485
939613
939619
939922
940092
