3529960
3530104
3530255
3530950
3531058
3531137
3531138
3531436
3531455
3531512
3531842
3532175
3532322
3532334
3532501
3532532
3532675
3532959
3532996
3533262
3533674
3533898
3534431
3534528
3534871
3534981
3535024
3535069
3535125
3535139
3535262
3535470
3535567
3535584
3535626
3535763
3536312
3536403
3536612
3536757
3536793
3536963
3537083
3537373
3537386
3537624
3537796
3537924
3538038
3538197
3538323
3538455
3538688
3538784
3538863
3539142
3539215
3539261
3539348
3539418
3539617
3539704
3539974
3540261
3540360
3540731
3540795
3540861
3540870
3541291
3541501
3541711
3542216
3542349
3542395
3542428
3542481
3542535
3542690
3542828
3542871
3543048
3543646
3543788
3543876
3543950
3543970
3544073
3544274
3544335
3544349
3544635
3544681
3544682
3544916
3545391
3545597
3546006
3546122
3546156
