16950534
16950719
16950929
16951512
16951600
16951755
16951775
16952695
16953654
16953668
16953815
16954150
16954212
16954472
16955074
16955442
16956048
16956281
16956926
16957555
16958164
16959076
16962568
16962654
16962748
16963178
16963740
16964054
16964242
16964748
16964813
16964913
16964937
16964975
16966211
16966481
16967089
16967888
16967911
16968543
16968599
16969001
16969665
16970130
16970403
16970479
16971162
16971720
16971938
16972228
16973557
16973563
16973592
16973786
16973813
16973815
16974347
16974678
16974790
16976082
16976646
16977224
16977319
16977559
16977828
16978648
16980748
16981295
16981571
16981942
16982223
16984175
16984784
16985079
16985429
16986348
16986470
16986823
16986833
16987434
16987574
16987583
16987824
16987861
16987867
16987890
16987996
16988001
16988244
16988487
16988714
16988801
16989241
16989324
16989836
16990421
16990930
16991411
16991993
16993437
