35002
35200
35721
35831
36010
36030
36070
36189
36205
36226
36239
36246
36318
36833
36908
36962
37162
37588
37695
37858
37969
37988
38048
38133
38146
38169
38317
38322
38392
38430
38498
38778
38853
38927
39443
39778
39779
39851
39898
40069
40084
40101
40136
40444
40497
40520
40604
40656
40667
40835
40837
41208
41404
41436
41470
41502
41518
41539
41561
41618
41681
42066
42332
42482
42553
42749
42841
43342
43390
43454
43542
43557
43904
43970
44006
44051
44120
44166
44218
44227
44512
44576
44594
44709
44723
44805
44916
44940
44956
45006
45014
45018
45027
45128
45140
45182
45299
45308
45437
45618
