3561620
3561784
3562035
3562174
3562326
3562422
3562460
3562468
3562606
3562654
3562871
3562965
3562987
3563143
3563158
3563165
3563204
3563448
3563461
3563597
3564050
3564267
3564516
3564674
3565098
3565324
3565394
3565403
3565542
3565670
3565849
3565905
3565979
3566168
3566177
3566595
3567051
3567063
3567107
3567151
3567360
3567416
3567526
3567691
3567828
3567977
3568015
3568141
3568487
3568661
3568757
3569172
3569408
3569462
3569824
3570119
3570137
3570154
3570216
3570431
3570506
3570662
3570701
3570797
3570841
3570959
3571102
3571177
3571206
3571343
3571350
3571437
3571491
3571492
3571661
3571797
3572151
3572201
3572376
3572482
3573255
3573408
3573788
3574169
3574299
3574699
3574721
3575038
3575048
3575055
3575061
3575211
3575263
3575612
3575730
3575745
3575760
3576073
3576126
3576180
