33205325
33208092
33209929
33211237
33214323
33214894
33215510
33216463
33216507
33216984
33217829
33218286
33219036
33219046
33219912
33220417
33220996
33221532
33222170
33223276
33223998
33224240
33225064
33226734
33226876
33227533
33228056
33228352
33228693
33229991
33231616
33231736
33234825
33235418
33236024
33237393
33237438
33240444
33240608
33240627
33241782
33243496
33244855
33245095
33246347
33247273
33249443
33250261
33251543
33251982
33253655
33255147
33256379
33258675
33258808
33261490
33262186
33262526
33262643
33264275
33267402
33269314
33269798
33269986
33271438
33272208
33272460
33272829
33274222
33274794
33275533
33276554
33277380
33277634
33278648
33278924
33281848
33283300
33283648
33284971
33285273
33285409
33285685
33285926
33286280
33288037
33288460
33288987
33291943
33292273
33295191
33297218
33298122
33299632
33299720
33302341
33303400
33303935
33304117
33309161
