17156965
17158857
17159096
17161921
17163479
17163822
17163999
17164946
17166818
17166835
17167300
17167991
17168211
17168307
17168571
17168741
17168958
17168962
17169006
17169107
17170008
17170074
17171196
17171450
17171657
17171792
17172157
17172348
17172429
17172637
17174955
17174990
17175175
17175342
17176423
17176466
17176636
17176769
17176848
17177204
17177505
17178935
17180057
17180185
17180378
17180515
17182207
17184579
17185780
17186300
17186723
17187215
17187354
17187386
17188024
17188136
17188175
17188578
17189936
17190178
17190262
17191662
17191897
17192135
17192417
17192651
17192918
17193224
17193749
17194816
17196278
17196364
17197059
17197189
17197280
17197663
17198781
17199211
17199752
17199972
17200329
17200848
17201579
17201770
17202274
17202275
17202893
17203252
17205833
17206092
17206201
17206401
17207334
17207375
17209902
17209951
17210197
17210531
17210580
17212264
