17270525
17270552
17272073
17273255
17273282
17274054
17274060
17274091
17274141
17274149
17274588
17275083
17275129
17275207
17277134
17277339
17277424
17277857
17277906
17278327
17278639
17278953
17278990
17279266
17279321
17280310
17280801
17280832
17281524
17281704
17282619
17282802
17282849
17283832
17284112
17284443
17284486
17284826
17285060
17286627
17288010
17288761
17289220
17291208
17291885
17293021
17294358
17295660
17297493
17299527
17299708
17300830
17300871
17303245
17304990
17305113
17305163
17305344
17305847
17306345
17306451
17306887
17307048
17307332
17307884
17308319
17308580
17308983
17309361
17309626
17310022
17310708
17311213
17311244
17312413
17312432
17313090
17313094
17313491
17313527
17314524
17315865
17317648
17317771
17317793
17318349
17319859
17320222
17322731
17323453
17325099
17325473
17326843
17327953
17328269
17329127
17329305
17329453
17329794
17330101
