18991302
18992058
18992143
18992315
18993139
18993273
18997333
18998945
18999287
19000420
19000456
19002308
19002824
19002837
19003763
19003782
19005018
19005231
19006070
19006224
19006823
19007808
19008133
19008458
19009334
19010297
19010700
19011062
19011064
19012115
19012180
19012705
19012927
19013312
19014077
19014614
19015047
19015645
19018074
19018115
19018287
19018509
19019457
19019712
19019823
19020570
19021006
19021353
19021843
19022074
19022855
19023052
19023501
19023700
19023705
19026114
19026139
19027059
19027110
19028296
19028642
19029066
19029314
19030407
19030556
19030692
19030833
19031344
19032775
19033433
19034068
19035438
19035977
19036727
19036924
19037196
19037214
19037729
19038222
19038444
19040111
19040182
19040573
19042511
19043344
19043525
19044531
19044690
19045447
19045863
19046026
19046176
19046414
19046778
19047298
19047650
19048508
19049753
19050512
19050963
