5882705
5882749
5882993
5883279
5883356
5883556
5883576
5883608
5884267
5884656
5884721
5884738
5884848
5884968
5885760
5886208
5886342
5886357
5886433
5886474
5886616
5886700
5886875
5887554
5887557
5887667
5887781
5888306
5888456
5888498
5888752
5888785
5889202
5889461
5889712
5890005
5890137
5890185
5890298
5890577
5890720
5891052
5891133
5891233
5891354
5891486
5891727
5891872
5892003
5892063
5892068
5892219
5892263
5892267
5892277
5892614
5892790
5892862
5893130
5893347
5893352
5893398
5893671
5894558
5894678
5894689
5894723
5894764
5895207
5895411
5895725
5895783
5895841
5895969
5896291
5896444
5896583
5897406
5897720
5897838
5897883
5897970
5898148
5898640
5898996
5899212
5899315
5899515
5899764
5899959
5900018
5900098
5900260
5900494
5900674
5900744
5901131
5901594
5902267
5902566
