4726755
4726848
4727017
4727019
4727183
4727431
4727440
4727693
4727909
4728184
4728223
4728316
4728395
4728495
4728718
4728776
4728968
4729039
4729119
4729258
4729280
4729355
4729367
4729514
4729547
4729581
4729918
4729927
4729947
4729956
4729981
4730210
4730318
4730372
4730717
4731006
4731097
4731187
4731216
4731299
4731579
4731583
4731883
4731969
4732227
4732432
4732458
4732633
4732681
4733419
4733529
4733559
4733628
4733720
4733980
4734060
4734071
4734083
4734090
4734112
4734182
4734254
4734283
4734416
4734471
4734581
4734598
4734764
4734954
4735010
4735069
4735087
4735206
4735353
4735490
4735607
4735741
4736006
4736100
4736167
4736317
4736397
4736446
4736529
4736648
4736674
4736834
4737140
4737221
4737261
4737264
4737354
4737637
4737710
4737879
4738003
4738050
4738066
4738167
4738257
