4190628
4190629
4191227
4191659
4191690
4191952
4192011
4192016
4192280
4192282
4192298
4192314
4192470
4192552
4192573
4192699
4193084
4193163
4193251
4193296
4193328
4193342
4193472
4193737
4193758
4193785
4193786
4193803
4193881
4193965
4193974
4193975
4193986
4194000
4194009
4194022
4194031
4194130
4194225
4194259
4194287
4194312
4194419
4194445
4194653
4194683
4194724
4194743
4194785
4194861
4194895
4194980
4195148
4195206
4195209
4195229
4195244
4195374
4195381
4195389
4195399
4195463
4195469
4195509
4195512
4195515
4195560
4196016
4196149
4196319
4196320
4197006
4197055
4197065
4197216
4197337
4197483
4197572
4197689
4197848
4197862
4197994
4198113
4198201
4198211
4198292
4198470
4198773
4198804
4198865
4198943
4198976
4199137
4199183
4199206
4199346
4199597
4199778
4199820
4199980
