10652344
10653822
10653828
10653952
10654563
10655188
10655571
10655779
10656139
10656968
10657089
10657252
10657616
10657811
10658148
10658178
10659368
10659529
10660427
10660734
10660770
10661077
10661434
10663655
10664708
10664859
10665332
10665511
10665682
10665751
10666587
10667611
10667788
10667957
10668218
10668283
10668714
10668938
10669221
10669498
10670237
10671675
10671867
10671887
10671932
10671953
10672195
10672279
10673171
10673232
10673278
10673893
10674007
10674497
10674844
10674901
10675555
10675675
10675960
10676352
10676368
10678116
10679543
10679747
10679946
10680074
10680176
10682015
10682247
10683147
10683250
10683389
10683675
10683753
10683832
10684707
10684914
10684922
10685744
10686272
10687460
10688301
10688999
10689522
10689577
10690110
10690451
10690496
10690578
10691755
10691885
10691955
10692342
10692461
10692864
10693271
10693387
10693703
10693772
10694223
