1845528
1845627
1845652
1845731
1845775
1845816
1845830
1845861
1846035
1846134
1846137
1846198
1846302
1846454
1846518
1846667
1846805
1846872
1846936
1847054
1847109
1847172
1847229
1847371
1847538
1847694
1847702
1847728
1847898
1848162
1848253
1848351
1848382
1848546
1848819
1848833
1848845
1848877
1849107
1849142
1849313
1849381
1849385
1849469
1849500
1849526
1849615
1849616
1849691
1849814
1849859
1849865
1849966
1850085
1850108
1850142
1850185
1850192
1850272
1850443
1850720
1850764
1851124
1851138
1851256
1851339
1851525
1851688
1851848
1851958
1852007
1852107
1852193
1852233
1852325
1852483
1852544
1852572
1852687
1852773
1852841
1852970
1853058
1853166
1853215
1853239
1853317
1853361
1853372
1853374
1853391
1853483
1853581
1853871
1854007
1854130
1854312
1854324
