15360622
15360876
15361193
15361554
15361790
15362246
15362384
15362556
15362955
15364186
15364387
15364950
15365447
15365614
15365685
15365929
15366853
15367448
15367601
15367829
15368196
15368892
15369449
15369501
15371151
15371393
15372461
15374285
15375744
15375945
15375972
15376431
15376496
15381375
15382976
15383404
15383412
15384014
15385867
15386143
15386162
15387365
15387730
15388114
15388576
15389734
15390130
15390792
15391534
15392062
15393512
15393576
15395123
15396861
15396864
15397820
15398000
15398007
15398176
15398821
15398902
15400314
15401237
15401351
15402061
15402279
15403502
15403833
15404191
15404282
15404463
15404474
15405855
15406032
15406464
15406729
15407637
15408026
15409065
15410354
15411155
15411330
15411750
15413478
15414003
15414396
15414493
15416091
15417152
15418262
15418771
15419151
15419431
15419432
15419633
15419794
15420153
15421009
15421840
15423390
