20835155
20837035
20838381
20839432
20840404
20840788
20841473
20843394
20846099
20847038
20847244
20847608
20850000
20850743
20853752
20854449
20854716
20856325
20857259
20857706
20858489
20860289
20860429
20860601
20860696
20861321
20862293
20862856
20863155
20863334
20863737
20865066
20866228
20869142
20869290
20869422
20869790
20871503
20871538
20872179
20873367
20873676
20873792
20873803
20875057
20875330
20878374
20878973
20880010
20883104
20884229
20884761
20885402
20886946
20886956
20888637
20890147
20893357
20895744
20896139
20898115
20899389
20899681
20900240
20900905
20902185
20903760
20904206
20906834
20908535
20908679
20911512
20911950
20912694
20912707
20912920
20913897
20913921
20915284
20915727
20915961
20916212
20916274
20916430
20917806
20918436
20922798
20922801
20923102
20923317
20923991
20925226
20927128
20927285
20927616
20928070
20929087
20930368
20930558
20931033
