26902695
26906092
26906829
26911013
26911240
26911972
26912513
26912685
26912692
26914334
26914427
26916031
26920012
26920752
26921480
26921993
26924146
26925969
26926230
26927989
26929156
26932502
26932719
26932854
26933439
26933525
26933945
26936332
26938140
26938725
26939252
26940204
26940529
26940694
26942368
26944519
26945697
26946077
26947474
26949114
26949930
26949939
26949963
26950130
26950998
26951147
26953432
26954974
26955721
26956448
26958293
26959260
26959630
26959743
26960675
26960992
26961085
26961240
26961684
26962773
26964452
26964935
26965245
26966326
26967150
26967921
26968041
26969704
26970072
26970164
26970653
26972692
26973474
26974355
26978558
26982867
26983147
26983813
26987266
26987723
26988490
26988504
26990606
26991541
26992625
26997540
26998131
26998338
27000346
27000646
27003095
27003104
27005629
27005850
27005976
27006325
27007533
27007751
27008262
27008660
