2219071
2219389
2219399
2219516
2219824
2220068
2220208
2220263
2220304
2220404
2220467
2220638
2220680
2220718
2220828
2220935
2221175
2221282
2221428
2221435
2221446
2221550
2221662
2222065
2222112
2222319
2222453
2222568
2222886
2222895
2223395
2223409
2223477
2223562
2223661
2223793
2223866
2223879
2224006
2224257
2224502
2224511
2224534
2224678
2224887
2224905
2225091
2225259
2225407
2225408
2225669
2225706
2226027
2226177
2226294
2226324
2226983
2227158
2227181
2227318
2227357
2227395
2227459
2228222
2228356
2228379
2228417
2228454
2228493
2228754
2229101
2229121
2229197
2229227
2229395
2229437
2229507
2229844
2229933
2230059
2230322
2230364
2230411
2230687
2230749
2230783
2230918
2230934
2230954
2231081
2231112
2231295
2231625
2231654
2231699
2231715
2231798
2232084
2232237
2232240
