162251
162455
162530
162540
162915
163171
163311
163463
163468
163469
163471
163573
163688
163846
163852
163927
164060
164528
164645
164678
164710
164813
164936
165114
165208
165395
165495
165513
165707
165843
166173
166337
166469
166674
166684
166687
166728
166925
167078
167233
167244
167520
167546
167610
167632
167731
167809
167901
168093
168097
168177
168331
168347
168363
168474
168507
168621
168656
168666
168719
168927
169140
169467
169649
169722
169842
169928
170228
170432
170463
170482
170686
170849
171120
171189
171488
171637
171639
171964
171988
172023
172275
172417
172522
172698
172750
172798
172814
173110
173121
173144
173169
173190
173316
173506
173539
173550
173561
173599
173789
