7657773
7658215
7658296
7658338
7658412
7658634
7658639
7659109
7659179
7659425
7659454
7659471
7659676
7660089
7660610
7660903
7661255
7662037
7662319
7663186
7663486
7664132
7664274
7664342
7666100
7666187
7666519
7666694
7666803
7666983
7667098
7667459
7667548
7667599
7667799
7668070
7668275
7668308
7668316
7668333
7668836
7669328
7669339
7669526
7669706
7669987
7670110
7670735
7670937
7670938
7671075
7671284
7671929
7672104
7672366
7672479
7672491
7672661
7672919
7673605
7674072
7674334
7674594
7674659
7674729
7675146
7675303
7675313
7675949
7676550
7676952
7677038
7677438
7678143
7678445
7679020
7679216
7680355
7680387
7680440
7680986
7681304
7681453
7681674
7681781
7681802
7682325
7682591
7682638
7683179
7683334
7683348
7683519
7683619
7683700
7683862
7683924
7684016
7684050
7684300
