9610690
9610793
9610849
9611216
9611522
9611697
9612079
9612558
9612573
9612679
9612765
9613391
9613459
9613568
9613576
9614189
9614536
9615245
9615711
9615777
9616661
9617283
9617456
9617585
9617727
9617756
9617954
9617983
9618134
9618137
9618211
9618441
9618515
9619645
9619992
9620421
9621253
9621612
9621832
9622073
9622248
9622533
9623105
9623406
9623561
9623683
9624325
9624870
9625164
9625909
9626419
9627006
9628678
9629321
9629619
9629830
9630235
9630567
9630685
9631019
9631768
9632269
9632793
9633740
9635591
9635902
9636455
9637061
9637633
9637712
9637942
9637979
9637998
9638038
9638308
9638425
9639500
9640052
9640091
9640121
9640398
9640615
9642328
9642722
9643005
9643107
9643193
9643238
9643872
9643875
9644323
9644368
9644792
9645211
9647040
9647673
9648022
9649152
9649515
9649631
