3032416
3032467
3032520
3032534
3032591
3032779
3032895
3033083
3033291
3033302
3033361
3033374
3033383
3033387
3033469
3033658
3033837
3034315
3034453
3034569
3034622
3034799
3034973
3034998
3034999
3035118
3035250
3035283
3035467
3035638
3035763
3035794
3035835
3036333
3036374
3036523
3036530
3036762
3036823
3036893
3037087
3037157
3037247
3037458
3037492
3037591
3037628
3037680
3038198
3038348
3038404
3038676
3038690
3038780
3038844
3038878
3038980
3039036
3039086
3039295
3039313
3039608
3039709
3039716
3039773
3039780
3040071
3040122
3040428
3040506
3040635
3040672
3040686
3040707
3040719
3040857
3041241
3041664
3041712
3041716
3041946
3042132
3042195
3042389
3042435
3042467
3042473
3042523
3042557
3042666
3042874
3042957
3042978
3043173
3043291
3043371
3043452
3043716
3044081
3044186
