5501021
5501134
5501661
5502027
5502323
5502392
5502441
5502575
5502685
5503833
5504097
5504334
5504577
5504624
5504729
5504957
5505115
5505450
5505469
5505557
5506038
5506088
5506153
5506226
5506335
5506749
5507007
5507224
5507234
5507338
5507805
5508171
5508173
5508425
5508443
5508492
5508540
5508543
5508564
5509432
5509524
5509823
5510054
5510279
5510632
5510829
5511326
5511569
5511674
5511725
5511948
5512061
5512495
5512538
5512913
5513267
5513665
5513714
5514273
5514517
5514921
5515165
5515283
5515339
5515421
5516025
5516043
5516154
5516360
5517258
5517374
5517657
5517731
5518116
5518475
5518626
5518673
5518804
5518849
5519020
5519041
5519230
5519242
5519486
5519555
5519754
5520781
5520847
5521030
5521374
5521606
5521917
5522170
5522178
5522737
5523025
5523122
5523442
5523449
5523879
