39692700
39695710
39696391
39699279
39700306
39705523
39707079
39710550
39714479
39714527
39715408
39716541
39716602
39716886
39721053
39726801
39729000
39730360
39730417
39731592
39734179
39734477
39735377
39739854
39742516
39743012
39744540
39746569
39748001
39748551
39752858
39752877
39752993
39754263
39759635
39764671
39764758
39766254
39768736
39769344
39771044
39771667
39775498
39778853
39779816
39780940
39781787
39782065
39784302
39784893
39785470
39785846
39788302
39792232
39794339
39796141
39796868
39798687
39799241
39799582
39799945
39800675
39801575
39803051
39804560
39809934
39811756
39813140
39813412
39816779
39817725
39818000
39819943
39820671
39821992
39822139
39822341
39825780
39826629
39827374
39831137
39831716
39833016
39833699
39835132
39835829
39835864
39836114
39836922
39838057
39842344
39843009
39845520
39846152
39846703
39848974
39850122
39850881
39850980
39857309
