28769151
28769946
28770986
28773648
28774128
28774942
28775148
28776174
28777002
28777838
28778693
28779628
28780356
28780895
28781700
28782633
28783229
28783330
28783426
28783948
28784039
28786490
28788801
28789212
28789838
28790643
28791324
28791343
28792107
28792640
28793520
28796873
28797471
28799299
28799496
28804113
28805076
28805442
28811174
28814336
28814494
28814984
28815579
28821256
28822489
28823287
28823763
28824049
28825190
28825293
28825309
28827318
28827755
28827965
28828930
28829578
28830194
28833529
28833888
28835363
28838392
28842954
28844850
28847371
28851066
28854339
28854540
28855236
28856403
28856994
28857592
28857787
28858832
28859693
28860139
28861537
28861638
28861690
28862429
28864181
28865230
28866003
28866090
28867769
28871177
28871517
28872231
28872309
28872362
28873415
28875366
28875714
28880862
28880941
28881184
28882068
28885730
28886604
28887054
28891028
