34349828
34350027
34350680
34351081
34352478
34360741
34361695
34361843
34363929
34372268
34372829
34373469
34374627
34375643
34377371
34377434
34378443
34381968
34384834
34386334
34387860
34388821
34389355
34389502
34389797
34390741
34391208
34392737
34395540
34396876
34398729
34399243
34399765
34403359
34405352
34406335
34407738
34409672
34412171
34414270
34414719
34415270
34415351
34418015
34419131
34420380
34422152
34422165
34424685
34427071
34428697
34429896
34432704
34432735
34434150
34436205
34438887
34442470
34443305
34445538
34445608
34449310
34450831
34452821
34454534
34458052
34458630
34464183
34464318
34465331
34465599
34466000
34466320
34467963
34469777
34471143
34472090
34472459
34472901
34473321
34475212
34475892
34476268
34476503
34477787
34478835
34481265
34483155
34484351
34486114
34489304
34490318
34492960
34493674
34496525
34497582
34499192
34502819
34502906
34502935
