4605519
4605554
4605685
4605708
4605853
4605968
4606182
4606247
4606520
4606716
4606760
4606975
4607198
4607201
4607465
4607525
4607822
4607843
4607882
4608018
4608026
4608028
4608566
4608625
4608945
4609210
4609316
4609424
4609463
4609550
4609656
4609757
4609858
4609888
4609950
4610146
4610384
4610496
4610676
4610791
4611075
4611231
4611352
4611450
4611896
4611917
4611945
4612123
4612351
4612408
4612602
4612683
4612721
4612723
4612872
4613132
4613494
4613574
4614054
4614145
4614283
4614299
4614306
4614320
4614366
4614386
4614390
4614395
4614433
4614656
4614731
4614749
4614770
4614890
4614984
4615022
4615089
4615099
4615141
4615266
4615281
4615340
4615360
4615387
4615392
4615400
4615402
4615414
4615419
4615482
4615487
4615506
4615528
4615582
4615820
4616378
4616659
4616672
4616880
4617050
