1487924
1487937
1488023
1488101
1488130
1488326
1488329
1488394
1488662
1488716
1488727
1488959
1489034
1489046
1489092
1489097
1489123
1489124
1489360
1489484
1489535
1489689
1490092
1490293
1490295
1490679
1490704
1490727
1490919
1491215
1491225
1491233
1491253
1491283
1491319
1491335
1491361
1491365
1491366
1491394
1491453
1491579
1491603
1491652
1491670
1491751
1491912
1491952
1492035
1492096
1492113
1492239
1492279
1492289
1492295
1492419
1492444
1492462
1492781
1492848
1492849
1492948
1493005
1493075
1493149
1493163
1493224
1493308
1493315
1493484
1493550
1493676
1493901
1493973
1493997
1494095
1494176
1494481
1494503
1494776
1494796
1494797
1494806
1494953
1494982
1495152
1495174
1495211
1495411
1495441
1495509
1495610
1495777
1495856
1495893
1496015
1496046
1496169
1496221
1496261
