7275432
7275485
7275838
7275984
7276068
7276233
7276292
7276727
7276837
7277223
7277524
7277625
7277701
7277878
7278293
7278303
7278313
7278578
7278889
7278971
7278991
7279265
7279331
7279362
7279532
7279634
7279646
7279998
7280101
7280224
7280234
7280307
7280594
7280642
7280901
7281059
7281102
7281225
7281307
7281464
7281795
7282345
7282438
7282488
7282833
7282997
7283450
7283459
7283489
7283668
7284160
7284354
7284577
7284630
7284770
7284906
7285472
7285573
7285651
7286178
7286261
7286371
7286718
7286892
7286998
7287040
7287464
7287633
7287681
7287940
7288018
7288030
7288214
7288408
7288709
7288857
7289032
7289052
7289123
7289220
7289274
7289962
7290069
7290292
7290713
7291180
7291236
7291287
7291975
7292409
7292809
7293175
7293318
7293554
7293658
7293812
7293848
7294061
7294107
7294233
