3963462
3963574
3963686
3963704
3964040
3964623
3965289
3965347
3965702
3966036
3966404
3966453
3966583
3966637
3966654
3967056
3967115
3967243
3967300
3967385
3967619
3967747
3967779
3968280
3968337
3968521
3968653
3968804
3968883
3969199
3969234
3969893
3970342
3970499
3970575
3970697
3970752
3970803
3971170
3971258
3971451
3971859
3971987
3972053
3972151
3972615
3973037
3973089
3973124
3973394
3973472
3973538
3973569
3973641
3973672
3973813
3973840
3974260
3974321
3974578
3974598
3975114
3975203
3975230
3975257
3975278
3975466
3975470
3975640
3975787
3975896
3976011
3976027
3976175
3976312
3976334
3976370
3976453
3976608
3976703
3976705
3976900
3976976
3976993
3977017
3977178
3977252
3977300
3977401
3977454
3977471
3977554
3977661
3977662
3977715
3977967
3978226
3978372
3978979
3979422
