5463675
5463845
5463965
5464054
5464119
5465216
5465456
5465559
5465616
5465668
5465828
5466103
5466121
5466124
5466323
5467115
5467466
5467618
5467965
5468544
5469326
5469476
5469581
5469627
5469695
5469902
5470097
5470180
5470250
5470395
5470530
5470686
5470988
5471125
5471136
5471154
5471171
5471589
5471599
5471633
5471773
5471807
5471817
5472097
5472153
5472163
5472199
5472224
5472304
5472472
5472558
5472570
5472898
5472956
5473256
5474135
5474152
5474402
5474597
5474815
5475390
5475734
5475913
5475990
5476053
5476189
5476233
5476362
5476480
5476583
5476717
5476824
5477095
5477135
5477246
5477262
5477498
5477574
5477714
5477946
5478037
5478121
5478140
5478306
5478459
5478552
5478661
5478760
5479644
5479728
5480239
5480345
5480366
5480473
5480758
5480946
5481191
5482105
5482459
5482504
