4165396
4165397
4165512
4165570
4165696
4166260
4166419
4166510
4166542
4166854
4166881
4167125
4167136
4167212
4167310
4167341
4167593
4167631
4167887
4167954
4168021
4168092
4168148
4168212
4168398
4168424
4168527
4168535
4168893
4168969
4169308
4169395
4169502
4169598
4169663
4169693
4169830
4169853
4170635
4170637
4170741
4170976
4170988
4171066
4171098
4171158
4171224
4171368
4171458
4171482
4171504
4171599
4171761
4171836
4172021
4172030
4172054
4172141
4172236
4172512
4172777
4172919
4172980
4172993
4173048
4173538
4173593
4173606
4173843
4174242
4174487
4174518
4174786
4174937
4174971
4175007
4175128
4175142
4175288
4175347
4175391
4175664
4175778
4175790
4175848
4175873
4176089
4176122
4176602
4176674
4176700
4176715
4176726
4176784
4177031
4177081
4177304
4177498
4177633
4177648
