1423029
1423032
1423407
1423414
1423776
1423909
1423981
1424057
1424092
1424333
1424408
1424455
1424567
1424620
1424731
1424859
1424975
1424988
1424990
1425165
1425373
1425400
1425423
1425456
1425516
1425545
1425548
1425674
1425718
1425803
1425812
1425841
1425849
1426084
1426136
1426242
1426283
1426450
1426453
1426534
1426584
1426593
1426688
1426782
1426864
1426873
1426880
1427042
1427070
1427103
1427127
1427139
1427242
1427294
1427348
1427399
1427472
1427574
1427663
1427695
1427708
1427803
1427829
1427847
1428044
1428092
1428104
1428140
1428304
1428395
1428460
1428483
1428609
1428844
1429062
1429082
1429127
1429161
1429378
1429402
1429440
1429574
1429579
1429645
1429694
1429699
1429795
1430090
1430104
1430139
1430163
1430204
1430518
1430595
1430644
1430752
1430847
1430878
1430980
1430982
