10850801
10851157
10851793
10852556
10852841
10853024
10853641
10853646
10853743
10853763
10853837
10854114
10854254
10854416
10854508
10854919
10855863
10855963
10856140
10856232
10856458
10856544
10857603
10859119
10860169
10860482
10860655
10861260
10863411
10863626
10863796
10863841
10863874
10863900
10864914
10867124
10867418
10867615
10867674
10867871
10868602
10869246
10869561
10869727
10870507
10870568
10870591
10871187
10871850
10871980
10872051
10872434
10872969
10872985
10873055
10873205
10874017
10875001
10875054
10875549
10876031
10876076
10876735
10876843
10876972
10877174
10877748
10877804
10878097
10878495
10879897
10880832
10881239
10881695
10881966
10882178
10882371
10882897
10884229
10884696
10884742
10885024
10885158
10885459
10885618
10885675
10885921
10886493
10887455
10887847
10888783
10891080
10892912
10894296
10894519
10895517
10895622
10895787
10896232
10896542
