4898501
4898629
4898797
4898899
4899034
4899084
4899146
4899348
4899371
4899443
4899831
4900212
4900277
4900528
4900654
4900748
4900996
4901091
4901102
4901122
4901136
4901299
4901435
4901450
4901524
4901541
4901926
4902028
4902403
4902498
4902595
4902640
4902710
4902894
4902978
4903035
4903318
4903375
4903648
4903817
4903972
4903997
4904329
4904586
4904822
4904859
4904889
4904971
4905368
4905419
4905440
4905623
4905753
4905816
4905965
4906120
4906387
4906408
4906662
4906729
4907150
4907219
4907226
4907728
4908215
4908312
4908322
4908463
4909173
4909183
4909209
4909633
4909669
4910112
4910133
4910428
4910479
4910711
4910786
4910858
4910995
4911045
4911067
4911175
4911365
4911387
4911586
4911592
4911700
4911840
4912076
4912088
4912471
4912492
4912622
4912630
4912769
4912959
4912967
4913267
