5524065
5524182
5524197
5524945
5525023
5525221
5525508
5525595
5525695
5525885
5525913
5525932
5526137
5526260
5526468
5526473
5526775
5526787
5526798
5527144
5527411
5527531
5527920
5528640
5529367
5529484
5529742
5529743
5529754
5529801
5530000
5530035
5530091
5530105
5530536
5530676
5531665
5531750
5531799
5531803
5531994
5532676
5532983
5533049
5533294
5533382
5533932
5534065
5534099
5534284
5534802
5535254
5535420
5535552
5535686
5536244
5536258
5536552
5536632
5536921
5537018
5537038
5537107
5537136
5537205
5537310
5537482
5537712
5537805
5538007
5538128
5538257
5538338
5538743
5539089
5539097
5539803
5540220
5540670
5540829
5540943
5541076
5541492
5541557
5541741
5542031
5542103
5542151
5542167
5542187
5542289
5542402
5542456
5542711
5542717
5543394
5543479
5543550
5543599
5543756
