1226254
1226343
1226396
1226556
1226639
1226765
1226868
1226915
1226920
1227046
1227075
1227405
1227418
1227420
1227510
1227547
1227567
1227605
1227722
1227912
1227985
1228018
1228109
1228169
1228209
1228233
1228344
1228544
1228547
1228555
1228794
1228820
1228888
1228932
1228941
1229024
1229063
1229111
1229287
1229627
1229652
1229787
1230230
1230361
1230422
1230435
1230501
1230547
1230555
1230567
1230817
1230863
1230912
1231068
1231154
1231160
1231215
1231225
1231294
1231373
1231382
1231601
1231623
1231635
1231683
1231896
1232243
1232247
1232249
1232271
1232279
1232482
1232494
1232495
1232572
1232585
1232618
1232696
1232972
1233129
1233223
1233234
1233244
1233349
1233523
1233781
1233900
1234004
1234031
1234195
1234210
1234280
1234346
1234374
1234407
1234425
1234429
1234481
1234491
1234765
