26076628
26076977
26079036
26079575
26082659
26084411
26086974
26089182
26089351
26089588
26089668
26089927
26090891
26091172
26095099
26097497
26097994
26098693
26100916
26102424
26107341
26109484
26109662
26110890
26113185
26113186
26113734
26114240
26114263
26115280
26115896
26116365
26117262
26117875
26119372
26120640
26122294
26123071
26123201
26124737
26125591
26125739
26126992
26127263
26127519
26129327
26133190
26134039
26135727
26138566
26138879
26139636
26141315
26141772
26142987
26143442
26143715
26143721
26144868
26145651
26146565
26148376
26148395
26148594
26150945
26153078
26153909
26154485
26156488
26157919
26158608
26158987
26159543
26160379
26160414
26166276
26166559
26166880
26167995
26168128
26170912
26171101
26173785
26174877
26174998
26176083
26176413
26176717
26177837
26178563
26178897
26179011
26179651
26180320
26180323
26182124
26182582
26183465
26184290
26186295
