9380687
9380816
9381687
9381730
9382365
9382675
9382840
9382847
9383082
9383553
9383900
9383934
9383936
9384471
9384488
9384870
9385765
9386463
9387064
9387256
9388630
9388901
9389096
9389276
9389992
9390035
9390639
9390994
9390997
9391865
9392859
9393850
9394397
9394475
9394514
9395020
9395177
9395419
9396355
9396443
9396700
9397000
9397176
9397515
9398094
9398186
9398443
9398503
9398542
9398658
9398835
9398840
9398934
9399162
9399296
9399780
9399875
9400067
9400635
9401135
9402155
9403137
9403240
9403521
9403805
9404272
9404402
9404418
9404743
9404897
9404949
9405519
9405809
9406529
9407112
9407280
9407311
9408180
9408572
9408951
9410578
9410802
9410934
9411575
9411997
9412048
9412149
9412378
9412401
9413318
9413678
9413814
9413855
9414381
9415263
9416009
9416151
9418003
9419483
9420175
