6024276
6024293
6024408
6024780
6025101
6025217
6025283
6025423
6025515
6026261
6026341
6026635
6026834
6026838
6027152
6027312
6027672
6027704
6028647
6028793
6029539
6029623
6029989
6029998
6030342
6030605
6030734
6030905
6031055
6031185
6031348
6031465
6031772
6032210
6032523
6032882
6033522
6033936
6034247
6034524
6034900
6035116
6035315
6035561
6035815
6035854
6035940
6035952
6035957
6036512
6036576
6036741
6036930
6037037
6037091
6037134
6037167
6037488
6037553
6037582
6037791
6037984
6037999
6038170
6038390
6038563
6038635
6038762
6039133
6039440
6039452
6039455
6039502
6039527
6040086
6040301
6040302
6040855
6041973
6042243
6042411
6042947
6042969
6043635
6043719
6043910
6043973
6044147
6044474
6044687
6044972
6045398
6045592
6045925
6046040
6046722
6046906
6047570
6047668
6047742
