1573275
1573321
1573416
1573476
1573487
1573523
1573583
1573688
1573733
1573868
1573922
1574199
1574202
1574291
1574462
1574473
1574721
1574924
1575050
1575114
1575204
1575308
1575322
1575394
1575462
1575506
1575575
1575714
1575942
1575968
1575989
1576006
1576148
1576200
1576317
1576351
1576471
1576515
1576706
1576709
1576731
1576744
1576830
1576831
1576884
1576928
1577006
1577048
1577130
1577308
1577522
1577773
1577834
1578078
1578383
1578418
1578452
1578493
1578747
1578769
1578795
1578856
1579127
1579180
1579248
1579311
1579369
1579496
1579543
1579646
1579666
1579675
1579679
1579820
1579879
1580090
1580239
1580296
1580425
1580427
1580495
1580613
1580639
1580871
1580994
1581023
1581317
1581356
1581567
1581880
1581968
1582086
1582096
1582172
1582300
1582332
1582339
1582369
1582451
1582496
