1991973
1992247
1992388
1992403
1992555
1992564
1992982
1993330
1993331
1993503
1993508
1994024
1994076
1994274
1994327
1994631
1994665
1994781
1994981
1995072
1995137
1995428
1995566
1995587
1995609
1995808
1995871
1996153
1996671
1996788
1996868
1996915
1996921
1997110
1997322
1997344
1997348
1997368
1997441
1997475
1997633
1997691
1997930
1998004
1998079
1998204
1998386
1998456
1998690
1998928
1998948
1998988
1999012
1999117
1999455
1999459
1999531
1999535
1999561
1999717
1999749
1999780
1999859
2000071
2000555
2000632
2001123
2001290
2001318
2001477
2001669
2001886
2001951
2001969
2002256
2002279
2002306
2002357
2002369
2002382
2002535
2003107
2003127
2003140
2003212
2003340
2003363
2003366
2003501
2003517
2003620
2003692
2003757
2004029
2004135
2004682
2005076
2005845
2006281
2006699
