36057340
36057442
36058158
36058287
36064175
36067986
36069727
36071668
36072074
36073187
36077499
36078202
36078561
36080620
36081248
36083981
36085050
36085445
36086036
36086990
36090800
36091917
36095399
36096823
36097587
36097645
36098438
36100994
36101541
36102568
36103102
36105152
36108727
36111574
36111752
36113367
36113979
36114245
36114572
36117902
36121327
36121329
36122756
36122821
36122834
36123791
36123838
36129013
36130053
36130875
36131611
36132925
36133657
36134251
36135600
36136861
36137166
36139896
36140544
36140892
36144079
36145779
36146396
36147274
36147817
36150342
36152407
36154567
36160348
36163334
36165075
36167524
36168151
36169208
36169239
36173679
36173766
36173858
36175940
36176130
36176575
36178433
36178553
36179093
36180020
36180157
36180423
36180882
36180930
36182610
36184484
36184653
36188045
36188389
36189528
36193251
36193368
36202137
36203179
36204260
