15880132
15880307
15880527
15881069
15882222
15882992
15883828
15884047
15884301
15884594
15885529
15886175
15886204
15886460
15886490
15886575
15886916
15887471
15887520
15888441
15888509
15888630
15888695
15889477
15889677
15889870
15890631
15892129
15892131
15892833
15892874
15892949
15893637
15894466
15894540
15894652
15895013
15895267
15895281
15895878
15896170
15896239
15896324
15896414
15896799
15898515
15898747
15899152
15900342
15900741
15900827
15901472
15901715
15901789
15902269
15902767
15903101
15903265
15903852
15904454
15904925
15904963
15905038
15906951
15907971
15908627
15908826
15909126
15909782
15910049
15910517
15910569
15911132
15912294
15914176
15914571
15914783
15916213
15917042
15917527
15917847
15918555
15918889
15919169
15919226
15919451
15920257
15921487
15921560
15921561
15921599
15921826
15923060
15923549
15924911
15925286
15925538
15925746
15925762
15925798
