22853711
22854254
22855557
22855741
22855796
22856874
22857372
22857644
22857743
22859005
22859389
22859499
22859828
22862335
22863519
22863902
22864732
22865385
22865812
22865947
22866162
22869530
22869765
22870239
22870746
22871133
22871172
22872300
22872947
22875542
22878071
22879267
22879451
22879577
22880246
22880985
22881810
22882075
22882447
22883054
22885674
22886740
22887120
22888482
22888821
22889136
22889537
22891250
22892416
22892584
22895120
22895589
22895794
22899269
22899500
22901133
22902402
22902860
22903372
22904378
22904453
22905141
22905584
22906776
22907825
22907980
22909535
22912111
22913591
22913719
22914379
22914521
22914536
22914842
22915234
22915315
22916711
22917083
22918777
22918778
22920265
22920475
22920802
22920848
22920961
22920987
22922097
22922234
22922243
22922690
22923444
22925112
22926553
22931428
22931703
22932831
22932942
22933312
22933401
22933406
