17556182
17556672
17556758
17557132
17557843
17559234
17560199
17560756
17561495
17561529
17561551
17562482
17565242
17565318
17566329
17568740
17571103
17571289
17571341
17572174
17572993
17575305
17576691
17576989
17578897
17579172
17579713
17580217
17582023
17583260
17583410
17584026
17584222
17584393
17585991
17586844
17586849
17588122
17588412
17588880
17589098
17589779
17590291
17591239
17591864
17591924
17592158
17592393
17593007
17593759
17595137
17595401
17595946
17596292
17596653
17597768
17598212
17598706
17599438
17600881
17601126
17601260
17602141
17602942
17603356
17603531
17603651
17603956
17605168
17605322
17605757
17606273
17607321
17609279
17609979
17610089
17610352
17611481
17611799
17611900
17612383
17613259
17614011
17614386
17616043
17616334
17616635
17616952
17617089
17617610
17617837
17618134
17618284
17618344
17618789
17619229
17619309
17620498
17621140
17621406
