8794688
8794824
8795226
8795310
8795458
8795595
8797480
8798293
8798296
8799671
8800173
8800273
8800455
8801192
8801865
8802061
8802101
8802423
8802499
8802847
8803044
8803349
8803398
8804000
8804018
8804030
8804333
8804432
8804883
8805310
8805392
8805396
8806686
8807477
8808143
8808739
8808996
8809432
8809448
8809679
8809887
8810132
8810686
8811018
8811207
8813826
8814707
8815131
8815521
8815923
8816023
8816078
8816494
8816745
8818278
8818370
8818554
8819369
8819567
8820243
8820395
8820504
8821338
8821382
8821749
8822167
8822562
8823246
8823641
8823906
8824252
8824538
8825481
8826856
8826966
8827063
8827130
8827186
8827634
8828381
8828552
8829182
8829355
8829407
8829576
8829666
8829683
8829707
8830344
8830732
8831534
8831643
8831740
8833102
8833642
8834428
8836630
8837419
8837490
8837636
