22605045
22605646
22606924
22608496
22608977
22609003
22609134
22609246
22609437
22609491
22610098
22610614
22611345
22612185
22612696
22612895
22612952
22613194
22613711
22614197
22617168
22618379
22625822
22625917
22626277
22627009
22629506
22630159
22631476
22632007
22633019
22633886
22633933
22633934
22633941
22634631
22635201
22637569
22637662
22638015
22638117
22639660
22641836
22644238
22645573
22645994
22646152
22646814
22647990
22648113
22648318
22648554
22648656
22648997
22649689
22650752
22651085
22652799
22653746
22654912
22656133
22656644
22656995
22657251
22658428
22658641
22659163
22660323
22663577
22663948
22664174
22666098
22666720
22666734
22667296
22667324
22667647
22668356
22668509
22669243
22669676
22670068
22672070
22672088
22672117
22675139
22675996
22676417
22676759
22677183
22677450
22679185
22679423
22679694
22679809
22679937
22679938
22680076
22682370
22682785
