5243402
5243684
5244399
5244605
5244875
5245139
5245453
5245526
5245547
5245598
5245774
5245893
5245920
5246009
5246038
5246619
5247046
5247107
5247410
5247735
5247776
5247784
5247882
5248494
5248679
5248786
5248873
5248998
5249094
5249427
5249478
5249599
5249654
5250037
5250055
5250082
5250126
5250216
5250267
5250481
5250602
5250798
5251838
5251878
5252004
5252132
5252276
5252346
5252479
5252559
5252702
5252799
5252832
5252897
5252989
5253093
5253191
5253352
5253570
5253622
5253740
5253779
5253785
5253864
5253977
5254053
5254376
5254476
5254538
5254750
5255051
5255297
5255476
5255805
5255830
5255936
5256337
5256372
5256455
5256526
5256803
5256963
5257199
5257452
5257950
5257962
5257963
5258067
5258120
5258247
5258370
5258723
5258804
5258835
5258904
5258993
5259001
5259053
5259131
5259176
