17622418
17623700
17623896
17624016
17624107
17624134
17624568
17625226
17625430
17626251
17626585
17627899
17627928
17628386
17628656
17629075
17629186
17629382
17629405
17630473
17631703
17631989
17632070
17632680
17633086
17633561
17635403
17635719
17637092
17637352
17637873
17639469
17639824
17641248
17641473
17641781
17642181
17643462
17644086
17646078
17646150
17648088
17648164
17648420
17648570
17648607
17648648
17649084
17650075
17650792
17651896
17651984
17652884
17653253
17653544
17653564
17654826
17654891
17655067
17655611
17657015
17657937
17658360
17660046
17660711
17660770
17661154
17661178
17661260
17661585
17661771
17661807
17661831
17662401
17662721
17663047
17663133
17663496
17664293
17664386
17666375
17666493
17666706
17666946
17666973
17667043
17667145
17667635
17668364
17669410
17669917
17670035
17670253
17670353
17671805
17672893
17672987
17677721
17678338
17678450
