4520105
4520106
4520109
4520111
4520126
4520130
4520132
4520133
4520136
4520143
4520145
4520257
4520368
4520438
4520521
4520677
4520855
4520943
4521154
4521216
4521259
4521265
4521266
4521268
4521270
4521271
4521273
4521275
4521277
4521278
4521284
4521293
4521319
4521366
4521371
4521373
4521377
4521378
4521379
4521380
4521381
4521382
4521384
4521385
4521388
4521389
4521399
4521400
4521760
4521764
4521857
4522223
4522230
4522394
4522684
4522753
4523160
4523552
4523654
4523690
4523723
4523857
4523925
4523948
4524172
4524212
4524522
4524533
4524536
4524545
4524548
4524564
4524840
4524856
4524896
4525077
4525118
4525348
4525479
4525672
4525878
4526275
4526411
4526931
4527055
4527080
4527088
4527255
4527342
4527395
4527413
4527498
4527512
4527753
4527973
4527998
4528136
4528401
4528483
4528663
