16044593
16044624
16044897
16045068
16045280
16045558
16046042
16046382
16046468
16046472
16046812
16048079
16048143
16048250
16048509
16050023
16050469
16050742
16050788
16051029
16051498
16051858
16052135
16052457
16052762
16052774
16052850
16053101
16053242
16053488
16053850
16053918
16054490
16054664
16054670
16054842
16054968
16055104
16055442
16055788
16056044
16056980
16057004
16057014
16057204
16057566
16057803
16058163
16058221
16058651
16058661
16059067
16059150
16059465
16059781
16060037
16060110
16060653
16060792
16060991
16061353
16062219
16063404
16063425
16064608
16064777
16064930
16065180
16065442
16065542
16065585
16065701
16066741
16066915
16067172
16067326
16067970
16068268
16068287
16068524
16068919
16069341
16071464
16071611
16072648
16073756
16073941
16074059
16074337
16074555
16074885
16075117
16075270
16075325
16075380
16076166
16076374
16076482
16076643
16076652
