9455625
9456411
9456559
9457185
9457675
9457952
9457982
9458460
9459401
9459802
9460046
9460135
9460618
9460799
9461007
9461172
9461218
9461485
9461522
9461905
9462506
9462589
9462733
9462765
9463305
9464009
9466105
9466269
9466388
9466850
9468173
9468267
9469526
9470189
9470270
9470291
9471039
9471170
9471357
9471538
9471554
9473271
9474622
9476981
9477275
9477311
9477407
9477536
9477562
9477853
9478744
9478848
9479247
9479510
9479519
9479592
9479693
9479944
9480217
9481121
9481314
9481643
9481679
9482230
9482342
9482465
9482588
9482622
9482802
9483440
9483716
9484055
9485400
9485675
9486727
9486953
9487065
9487832
9488013
9488402
9488732
9488736
9489137
9490147
9490179
9490370
9490393
9490523
9491196
9491578
9491598
9491617
9491913
9492722
9492931
9493272
9494053
9494429
9495858
9496203
