18815267
18815656
18815996
18816032
18816044
18816223
18816293
18816356
18816586
18816598
18818870
18819178
18819345
18821261
18821660
18821747
18821889
18821999
18822136
18822176
18822352
18822679
18823321
18823691
18824361
18824375
18825539
18826835
18827521
18828046
18828757
18829095
18829147
18829582
18830570
18831595
18832334
18833458
18834636
18836044
18836862
18838130
18840897
18841677
18841896
18844062
18844074
18844994
18845043
18845752
18846162
18846696
18846725
18847736
18847931
18849117
18850306
18850329
18850355
18851210
18851791
18851877
18852155
18852847
18852965
18853568
18854584
18854623
18854663
18855841
18856005
18856576
18856710
18858946
18859018
18859074
18859372
18859504
18859984
18860031
18860128
18860150
18860224
18860810
18861284
18861432
18861992
18863171
18863244
18863534
18863781
18864079
18864517
18864800
18864913
18865162
18865207
18866288
18867488
18867509
