24680461
24683817
24684739
24688506
24688579
24689169
24689732
24689755
24692125
24692228
24693571
24695269
24695685
24697039
24697292
24698463
24699344
24701302
24704221
24706453
24708042
24711294
24714477
24715578
24715752
24715971
24717536
24717851
24721599
24721719
24721774
24722295
24724974
24725971
24726387
24728514
24728764
24731124
24732222
24733123
24736877
24737399
24738546
24739092
24739987
24741054
24743734
24745300
24745480
24746548
24746861
24747154
24749471
24750087
24750399
24752435
24753912
24754761
24754877
24754899
24755029
24756255
24756441
24756743
24756858
24756890
24759542
24760625
24760951
24761752
24762249
24764113
24767490
24767816
24770781
24771022
24772902
24774905
24775967
24777142
24777646
24777942
24778074
24778350
24778888
24779079
24780999
24781611
24782818
24783951
24784475
24784750
24785607
24786463
24789346
24789961
24790104
24792114
24794152
24794385
