300445
300552
300592
300733
300762
300824
300902
301015
301112
301154
301184
301229
301253
301267
301540
301665
302001
302021
302032
302034
302402
302494
302654
302758
302863
302866
302875
303197
303206
303429
303472
303725
304056
304200
304309
304310
304357
304366
304665
304740
304744
304802
304907
305115
305308
305435
305516
305649
305688
305742
305778
305847
305966
305984
306054
306110
306191
306312
306391
306422
306460
306770
306853
306965
307036
307051
307268
307364
307524
307841
308594
308613
308651
308718
309011
309084
309262
309310
309376
309606
309631
309686
309712
309916
310629
310640
311109
311143
311180
311382
311488
311496
311536
311823
311841
311951
311982
312138
312221
312543
