38443229
38443481
38443881
38445846
38447971
38452295
38452424
38454833
38455737
38457762
38458950
38462670
38462898
38463211
38466100
38466938
38467199
38467774
38467955
38473020
38475920
38479692
38479763
38480472
38481449
38482050
38484992
38485245
38486404
38489471
38489609
38493357
38496230
38497196
38498255
38498769
38499224
38499397
38500920
38502484
38505219
38507577
38508247
38508409
38513948
38516362
38516647
38517347
38518272
38518375
38519283
38519454
38519966
38520358
38520506
38520538
38520779
38521000
38521405
38522801
38526728
38527063
38527326
38528035
38530520
38530619
38534753
38536376
38537261
38538206
38539676
38540434
38543002
38544124
38544373
38546427
38546464
38546915
38549022
38549404
38550656
38550842
38552240
38552918
38553505
38555845
38556334
38557381
38559353
38561002
38561700
38562538
38564881
38566250
38567607
38567904
38568043
38569326
38571271
38574090
