34680559
34680848
34682137
34683095
34685507
34685856
34688091
34688923
34689235
34690089
34690335
34690965
34694970
34698659
34698737
34701614
34702134
34703927
34704470
34706241
34708205
34708287
34708443
34709086
34713915
34714741
34715004
34715823
34715991
34716262
34725446
34731179
34731473
34731954
34736327
34742282
34743911
34744337
34745061
34745215
34745306
34745665
34748241
34749031
34751250
34751323
34752893
34755508
34759047
34761274
34763961
34768841
34774920
34779666
34783689
34786835
34790112
34791745
34792307
34793645
34794583
34794982
34797199
34797762
34797763
34799778
34807449
34809724
34813802
34815494
34816049
34817180
34817360
34819488
34820375
34823513
34834977
34838020
34839109
34841095
34844023
34844174
34844829
34851452
34851539
34851921
34852394
34855549
34856032
34856803
34858782
34858915
34859866
34860155
34863303
34863542
34863580
34866194
34866832
34867500
