36209030
36209660
36210800
36211401
36215046
36217168
36225309
36225441
36226249
36229044
36232040
36232807
36235386
36235866
36236409
36237722
36238462
36239260
36240135
36243042
36243055
36245724
36247391
36249083
36249330
36249630
36256230
36259616
36261388
36263139
36264188
36264351
36264720
36266598
36267775
36268272
36272980
36273872
36273941
36275291
36275344
36276866
36278158
36278276
36282779
36283197
36285257
36287945
36288421
36288694
36289212
36289460
36290455
36291517
36293540
36293649
36294853
36296788
36297546
36299615
36304295
36307634
36314166
36315097
36316531
36316713
36324983
36325102
36325213
36325646
36327377
36328104
36328199
36328955
36329528
36329864
36330639
36330975
36332059
36337670
36345357
36347853
36348324
36349431
36350185
36350299
36350485
36350488
36351181
36352228
36356411
36358728
36359360
36360653
36361254
36362598
36362671
36362896
36363052
36365980
