4141416
4141538
4141941
4141946
4142369
4142428
4142540
4142589
4142776
4142941
4143457
4143461
4143655
4143917
4144077
4144159
4144393
4144500
4144538
4144558
4144559
4144572
4144573
4144609
4144682
4144731
4144889
4145009
4145097
4145132
4145275
4145624
4145635
4145730
4145841
4145973
4146871
4146923
4147026
4147055
4147373
4147421
4147537
4147695
4147750
4148044
4148118
4148128
4148509
4148528
4148551
4148613
4148782
4148830
4148858
4148907
4148927
4149245
4149318
4149422
4149478
4149524
4149548
4149606
4149677
4149686
4149699
4149788
4149805
4150125
4150288
4150470
4150914
4151109
4151142
4151157
4151163
4151194
4151205
4151281
4151328
4151462
4151463
4151799
4151896
4151972
4151994
4152087
4152251
4152463
4152655
4152677
4152692
4152789
4152866
4152870
4153223
4153291
4153545
