6509397
6509471
6509617
6510534
6510594
6510659
6511172
6511543
6511904
6512170
6512288
6512578
6512960
6513215
6513783
6513915
6514693
6515269
6515779
6516159
6516533
6516920
6517120
6517949
6518365
6519069
6519317
6519460
6519524
6519847
6520961
6521264
6521598
6521630
6522063
6522711
6522800
6522819
6523210
6523499
6523736
6523773
6524795
6525555
6525628
6526002
6526460
6527256
6527545
6528292
6528474
6528497
6528625
6529594
6530194
6530631
6531140
6531796
6531815
6532272
6532366
6532417
6532562
6532760
6533035
6533060
6533689
6534027
6534894
6535183
6535376
6535564
6535881
6535982
6536101
6536113
6536286
6536318
6536330
6536430
6536466
6536734
6536879
6537042
6538226
6538450
6538451
6539088
6539323
6539562
6539909
6540646
6541094
6542935
6543377
6543483
6543837
6545498
6545828
6545834
