3317706
3318092
3318096
3318236
3318300
3318536
3318711
3318802
3318868
3318924
3319178
3319304
3319538
3319549
3319701
3319900
3320064
3320329
3320511
3320580
3320632
3321101
3321405
3321447
3321475
3321511
3321585
3321650
3321742
3321813
3322014
3322110
3322135
3322152
3322287
3322453
3322801
3322973
3323138
3323163
3323323
3323363
3323380
3323544
3323614
3323669
3323689
3323802
3323947
3323951
3324012
3324376
3324601
3324640
3324721
3325026
3325083
3325147
3325787
3326094
3326346
3326351
3326482
3326630
3326645
3326739
3326922
3327000
3327042
3327098
3327200
3327282
3327334
3327391
3327444
3327505
3327572
3328025
3328108
3328128
3328253
3328360
3328459
3328482
3328527
3328804
3328856
3328870
3329091
3329128
3329219
3329399
3329464
3329487
3329590
3329720
3329760
3329762
3329856
3329955
