1620251
1620449
1620535
1620540
1620565
1620622
1620634
1620653
1620848
1620884
1620945
1621023
1621179
1621344
1621542
1621569
1621581
1621742
1621755
1621786
1621963
1622172
1622185
1622246
1622261
1622629
1622933
1622950
1622955
1623211
1623245
1623459
1623770
1624066
1624126
1624178
1624588
1624800
1624805
1625007
1625165
1625167
1625180
1625271
1625376
1625508
1625791
1625819
1626103
1626128
1626183
1626324
1626526
1626546
1626707
1627094
1627190
1627226
1627386
1627401
1627464
1627531
1627545
1627559
1627746
1627983
1628041
1628062
1628217
1628242
1628253
1628254
1628360
1628400
1628469
1628596
1628726
1628810
1628851
1628945
1628969
1628997
1629074
1629126
1629167
1629217
1629460
1629797
1629809
1629832
1629983
1630078
1630153
1630289
1630419
1630617
1630758
1630955
1631096
1631189
