3068951
3068964
3068977
3069040
3069132
3069137
3069158
3069206
3069276
3069298
3069334
3069453
3069467
3069494
3069501
3069535
3069601
3069670
3069710
3069732
3069904
3069943
3070147
3070243
3070301
3070540
3070681
3070854
3071122
3071192
3071217
3071475
3071833
3072202
3072530
3072592
3072616
3072618
3072772
3072789
3073257
3073271
3073284
3073329
3073419
3073422
3073456
3073479
3073582
3073706
3073744
3073795
3074025
3074537
3074610
3074878
3075214
3075420
3075492
3075522
3075607
3075782
3075805
3075807
3075898
3075940
3076051
3076090
3076130
3076222
3076715
3076756
3076956
3077281
3077360
3077666
3077774
3077905
3077983
3078001
3078089
3078281
3078318
3078390
3078543
3078710
3078783
3078911
3078984
3078995
3079020
3079114
3079200
3079215
3079229
3079397
3079473
3079724
3079764
3079901
