4750438
4750477
4750541
4750609
4751015
4751022
4751031
4751172
4751179
4751192
4751303
4751364
4751435
4751476
4751552
4751722
4751766
4751974
4752162
4752397
4752567
4752574
4752597
4752600
4752640
4752756
4752783
4752914
4752975
4753007
4753155
4753272
4753365
4753412
4753458
4753617
4753648
4753691
4753734
4753780
4753822
4753920
4754123
4754254
4754378
4754428
4754471
4754673
4754840
4754956
4754966
4755044
4755052
4755059
4755080
4755214
4755364
4755583
4755666
4755971
4756022
4756084
4756141
4756294
4756353
4756408
4756514
4756638
4756757
4756772
4756850
4756885
4756909
4757336
4757358
4757443
4757571
4757830
4757859
4757920
4757925
4758094
4758114
4758251
4758350
4758352
4758469
4758548
4758654
4759509
4759562
4759565
4759882
4760018
4760054
4760260
4760479
4760572
4760807
4761665
