3840914
3840941
3841240
3841966
3842091
3842251
3842660
3842721
3842878
3842929
3843117
3843698
3843896
3844039
3844212
3844388
3844537
3844541
3844615
3844766
3845294
3845795
3845821
3845853
3845983
3846141
3846269
3846340
3846406
3846439
3846743
3847124
3847837
3847959
3848050
3848116
3848208
3848410
3848494
3848603
3849230
3849748
3849903
3849948
3849998
3850295
3850301
3850403
3850587
3850765
3851288
3851350
3851560
3851613
3851696
3851709
3851722
3851881
3851891
3852113
3852147
3852258
3852276
3852286
3852314
3852345
3852413
3852431
3852637
3852672
3852696
3852799
3852927
3853053
3853405
3853441
3853581
3853719
3854040
3854100
3854266
3854269
3854386
3854740
3854862
3855204
3855468
3855498
3855742
3855832
3856021
3856418
3856484
3856654
3856732
3856755
3856889
3857065
3857068
