18867654
18871211
18871366
18871443
18871970
18872373
18872687
18873054
18873393
18874007
18874276
18874446
18874621
18875194
18875403
18875575
18876960
18878466
18878509
18879053
18879693
18880066
18880701
18881202
18881532
18881868
18881991
18884793
18884885
18886087
18888304
18889191
18890527
18891077
18892129
18892420
18892776
18893618
18894294
18894942
18896231
18897306
18898650
18898927
18899415
18899809
18900184
18900253
18900543
18900660
18901147
18902638
18902858
18903147
18903534
18903852
18904882
18905900
18906611
18906624
18906867
18908330
18908492
18908767
18908977
18909881
18910594
18910916
18911225
18911402
18911407
18911868
18912198
18912953
18913160
18914079
18914368
18914779
18914897
18914993
18916169
18916375
18916877
18917177
18917806
18918199
18919573
18920580
18921510
18922489
18922886
18923642
18927050
18927343
18928457
18928706
18929981
18930220
18930369
18931612
