14434598
14435570
14435830
14436071
14436845
14437415
14437456
14438000
14438231
14438671
14439940
14441498
14442104
14442174
14442878
14445440
14448036
14448338
14449194
14449255
14450110
14450598
14450780
14451690
14453017
14453930
14454289
14455002
14455012
14455179
14455211
14455293
14456301
14457130
14457300
14458476
14458602
14458707
14459366
14460278
14461029
14461149
14461197
14461799
14462876
14465019
14465338
14465986
14466898
14467490
14469713
14471021
14471265
14472344
14472812
14473441
14474920
14475687
14475813
14477245
14478428
14478986
14479786
14482718
14483086
14483920
14484202
14484292
14484871
14485208
14485282
14487140
14488572
14489722
14490205
14490348
14490878
14491132
14491810
14492207
14492936
14493097
14493233
14493626
14493722
14494056
14494076
14494107
14494549
14495257
14495852
14496103
14496825
14497056
14497757
14498736
14498944
14499342
14499415
14500912
