34016936
34022049
34022426
34023238
34023765
34024726
34025884
34027183
34027212
34027376
34028537
34031874
34033351
34034020
34034989
34035771
34035965
34036891
34040139
34041828
34043264
34044147
34044486
34047273
34047918
34048666
34048943
34050169
34051094
34053029
34053061
34053846
34054729
34055806
34056824
34058143
34059821
34061455
34067501
34067694
34069705
34071298
34072237
34076849
34076888
34079003
34079311
34080142
34080896
34081832
34083118
34084740
34087026
34088192
34088557
34089526
34090877
34090961
34091781
34094548
34094852
34096869
34099877
34103579
34105257
34105526
34105735
34106706
34108634
34111500
34112394
34112437
34112909
34113142
34113888
34113936
34115604
34115823
34116052
34119593
34119769
34120649
34123027
34123655
34124793
34133635
34134037
34136518
34136993
34138141
34138187
34140793
34143710
34143945
34147664
34154652
34158242
34159147
34159923
34161623
