7990917
7991506
7991509
7991586
7992149
7992517
7992725
7992833
7993053
7993251
7993547
7993756
7994122
7994490
7995186
7995443
7995448
7996378
7996565
7996981
7997449
7997625
7997741
7997802
7997895
7997908
7997933
7997979
7998260
7998298
7998365
7998465
7999164
7999352
7999417
7999969
8000081
8000241
8001008
8001015
8001027
8001045
8001058
8001579
8002395
8002775
8002810
8002835
8002949
8003397
8003746
8004229
8004269
8005130
8005448
8005932
8006545
8007286
8007658
8007884
8007914
8007980
8008582
8008611
8009332
8009353
8009562
8009566
8009567
8009814
8009843
8009861
8009901
8010156
8010718
8011186
8011253
8011332
8011452
8011796
8012012
8012167
8012299
8012485
8012686
8012693
8012979
8013409
8013570
8013587
8013748
8013787
8013935
8013938
8014636
8014746
8014951
8015063
8015199
8015219
