26187632
26188368
26189640
26193277
26195379
26196678
26197060
26198725
26199082
26199397
26199687
26200577
26200601
26201854
26202209
26204013
26208715
26210858
26211568
26212007
26214042
26214074
26215922
26216293
26217114
26221777
26223366
26223435
26223908
26224167
26224810
26229283
26229295
26229831
26230648
26231168
26231224
26232199
26233256
26233838
26235275
26237121
26238647
26238918
26240377
26242133
26242947
26243912
26244680
26245525
26246001
26247176
26250983
26251180
26251543
26251565
26252190
26252820
26253259
26254128
26254482
26254824
26256050
26257064
26257379
26257562
26259263
26260433
26261073
26261321
26263763
26266074
26267185
26267257
26267274
26267398
26267420
26268979
26269185
26269361
26272145
26272677
26272801
26273497
26273709
26273835
26274056
26274175
26274954
26275095
26275657
26276440
26280493
26282382
26285535
26288001
26289323
26290217
26290448
26290866
