363540
363605
363800
363948
364309
364588
364839
365226
365392
365538
365664
365850
365854
365935
365960
365992
366021
366636
366688
366754
366867
366958
367493
367870
367882
367905
367910
367967
367978
368143
368195
368301
368384
368403
368628
368759
368786
368836
368863
369072
369169
369283
369287
369290
369359
369365
369450
369558
369690
369727
369732
370161
370215
370306
370336
370395
370686
371194
371309
371327
371422
371517
371519
371578
371635
371707
371936
371996
372173
372341
372489
372626
372701
373093
373196
373204
373500
373518
373545
373693
373701
373726
373991
374013
374137
374145
374182
374283
374310
374443
374525
374797
374892
374960
375031
375069
375296
375317
375339
375440
