5844467
5844471
5845090
5845130
5845741
5845998
5846121
5846326
5847100
5847137
5847343
5847643
5847680
5847727
5847852
5848030
5848221
5848260
5848461
5848769
5848885
5849191
5849575
5849837
5850184
5850257
5850670
5850873
5850903
5851037
5851802
5852371
5852609
5852646
5852674
5852785
5852808
5852827
5852849
5852867
5853242
5853408
5853565
5854203
5854481
5854883
5854909
5854910
5855310
5855325
5855594
5855637
5855913
5855972
5856261
5856520
5856523
5856759
5856788
5856858
5857245
5857343
5857366
5857392
5858003
5858126
5858545
5859030
5859319
5859363
5859453
5859507
5859646
5859680
5860064
5860190
5860425
5860800
5861049
5861314
5861422
5861511
5861624
5861651
5861790
5861810
5862078
5862105
5862259
5862374
5862475
5862696
5862721
5862746
5862808
5863003
5863024
5863047
5863097
5863675
