13654390
13654421
13655005
13656361
13656543
13657024
13657094
13657303
13658750
13658823
13658826
13659068
13659588
13659981
13660048
13660506
13660805
13661033
13661193
13661212
13661261
13662261
13662433
13662557
13663213
13663568
13663788
13664741
13665619
13665764
13666023
13666173
13666539
13667100
13667578
13667936
13668173
13669057
13669518
13670112
13670591
13670593
13671847
13671888
13672073
13673199
13674381
13674461
13675043
13677460
13677786
13678091
13678301
13678316
13678336
13680666
13680914
13682656
13682810
13682925
13683607
13684013
13684482
13684510
13686281
13686818
13687053
13687301
13687467
13687933
13688083
13688266
13688371
13689488
13690458
13690607
13691497
13691648
13692764
13692820
13693297
13694622
13694808
13697229
13698837
13699651
13699739
13699812
13700041
13700230
13701090
13701231
13703971
13703979
13704387
13706669
13706834
13708345
13708834
13709291
