8015255
8015349
8015392
8015530
8015614
8015666
8015690
8016233
8016596
8016658
8016726
8017156
8018012
8018148
8018255
8018365
8018693
8018982
8019183
8019545
8019591
8019807
8020215
8020365
8020652
8020819
8020825
8021213
8021362
8021596
8021626
8021666
8021683
8022389
8022466
8022636
8022767
8023294
8023352
8023683
8024258
8024266
8024272
8024566
8026230
8026517
8026939
8027037
8027499
8027588
8027697
8028429
8028553
8028637
8028747
8028755
8028786
8028822
8028940
8029203
8029360
8029577
8029597
8029777
8030130
8030213
8030404
8030418
8030738
8030887
8031253
8031564
8031698
8032082
8032137
8032225
8032458
8032628
8033169
8033473
8033625
8033819
8034014
8034542
8034760
8034924
8035447
8035581
8035812
8035825
8035851
8035903
8035991
8036205
8037471
8037706
8037983
8038691
8038816
8038987
