3278071
3278093
3278110
3278155
3278225
3278283
3278507
3278678
3279100
3279268
3279332
3279734
3279788
3279807
3279817
3279852
3279966
3280058
3280088
3280205
3280355
3280421
3280600
3280745
3281184
3281209
3281407
3281435
3281944
3282080
3282105
3282107
3282561
3282664
3282790
3282809
3282812
3282918
3283032
3283033
3283035
3283036
3283037
3283038
3283039
3283040
3283044
3283045
3283046
3283048
3283161
3283162
3283163
3283165
3283166
3283167
3283168
3283169
3283170
3283173
3283175
3283179
3283186
3283190
3283195
3283262
3283278
3283279
3283281
3283282
3283283
3283284
3283285
3283286
3283287
3283288
3283289
3283291
3283292
3283293
3283295
3283297
3283449
3283584
3283630
3283665
3284248
3284540
3284553
3284636
3284651
3284699
3284904
3285082
3285401
3285463
3285596
3285665
3285680
3285733
