27812386
27813702
27814503
27814946
27815131
27816747
27820350
27820404
27820985
27821552
27821724
27823011
27824306
27825987
27827404
27827585
27828691
27833881
27834001
27835760
27835855
27837042
27838210
27838721
27842404
27842749
27844087
27850882
27851142
27851423
27851660
27854395
27854532
27854953
27855484
27856716
27856866
27857566
27858651
27858750
27859475
27860081
27860136
27860610
27862013
27865503
27865871
27868514
27869409
27870457
27871218
27873030
27874102
27874245
27878522
27879014
27880255
27880519
27880621
27880640
27881611
27882065
27883850
27884090
27884194
27884410
27884615
27885282
27885645
27886037
27886053
27886101
27888698
27889793
27890531
27892726
27896066
27896560
27903975
27904767
27905543
27905624
27906039
27907465
27908600
27911114
27913525
27914189
27916481
27917751
27918102
27918994
27921687
27922084
27922806
27925069
27925168
27925634
27925743
27927619
