7619407
7619558
7619569
7619895
7620117
7620840
7620919
7621008
7621024
7621030
7621186
7621233
7621410
7621423
7621500
7621559
7621644
7621738
7621765
7621868
7621882
7621905
7621923
7621980
7622056
7622174
7622310
7622345
7622654
7622781
7623059
7623081
7623101
7623225
7623550
7623832
7623992
7624286
7624433
7624589
7624615
7624681
7624716
7625240
7625500
7625870
7625952
7626334
7627077
7627200
7627236
7627582
7627793
7627854
7627910
7628066
7628195
7628257
7628955
7629073
7629113
7629128
7629303
7629441
7629581
7629756
7629880
7630332
7630440
7631273
7631620
7632433
7632915
7632966
7633238
7633253
7633590
7633842
7634048
7634092
7634332
7635126
7635143
7635186
7635351
7635377
7635426
7635483
7635550
7635735
7635770
7635816
7635828
7635892
7636134
7636265
7636395
7636676
7637016
7637017
