338162
338249
338593
338831
338855
338913
338947
338953
339299
339418
339448
339463
339682
339973
340071
340092
340156
340171
340257
340372
340510
340663
340685
340705
340819
340931
341049
341083
341237
341403
341895
341925
341977
342080
342432
342464
342908
342931
343048
343103
343279
343293
343537
343569
343797
343820
344019
344406
344453
344660
344699
344937
345003
345148
345211
345307
345318
345373
345618
345693
345734
345864
346063
346085
346145
346226
346373
346533
346650
346703
346859
346996
347094
347152
347271
347478
347821
348572
348801
348888
348932
348979
349000
349088
349457
349760
350016
350218
350372
350484
350499
350516
350603
350618
350700
350865
350874
350986
350989
351023
