35051454
35051571
35051642
35052044
35053781
35054082
35056231
35056767
35060965
35061151
35062078
35063456
35075351
35076257
35076686
35077392
35077858
35079177
35083096
35083337
35084560
35084580
35086852
35089258
35091668
35093169
35094709
35097027
35097801
35104443
35107580
35111296
35112891
35119841
35120214
35124545
35126313
35130893
35131370
35131513
35131533
35131861
35132819
35133143
35135003
35137467
35141203
35142664
35145444
35147337
35149343
35150866
35151006
35151443
35151804
35152260
35153859
35154066
35154133
35155193
35155645
35157520
35159132
35159475
35160286
35171665
35172068
35172079
35176444
35178294
35178632
35180549
35182537
35183853
35188995
35191671
35194568
35196119
35198438
35203623
35205213
35205848
35206577
35210367
35210548
35210995
35212030
35212321
35212768
35213594
35215839
35216474
35217094
35221024
35221575
35224070
35226010
35228323
35233388
35234610
