16262076
16262338
16264002
16264554
16264791
16265250
16265646
16265909
16266416
16266686
16268604
16269448
16270814
16270827
16271232
16271257
16271940
16273240
16274419
16274787
16275048
16275680
16275723
16276306
16276494
16276667
16276761
16276766
16276948
16277254
16277889
16277993
16278674
16278849
16279121
16279466
16279812
16279822
16280095
16280343
16280610
16282114
16285942
16286222
16286461
16286685
16287722
16287756
16288393
16288484
16288694
16288744
16289915
16290216
16290394
16291559
16292378
16292495
16292512
16292658
16294285
16294463
16294598
16295571
16295907
16296415
16296641
16296725
16297571
16298560
16298605
16299463
16299470
16300092
16300107
16300557
16300824
16300923
16301682
16301954
16303010
16303058
16303654
16304404
16304825
16305034
16306363
16306545
16306740
16306931
16307143
16309243
16309449
16309591
16310181
16310793
16311154
16311345
16311600
16311665
