3005434
3005578
3005708
3005813
3005819
3005986
3006047
3006129
3006190
3006265
3006418
3006489
3006530
3006595
3006978
3007161
3007260
3007336
3007695
3007761
3007921
3007957
3008605
3008748
3009164
3009205
3009566
3009805
3009949
3010268
3010365
3010478
3010541
3010705
3010943
3010986
3011027
3011048
3011728
3011915
3011916
3011944
3012110
3012174
3012415
3012516
3012701
3012844
3013019
3013112
3013256
3013455
3013633
3014331
3014350
3014529
3014545
3014599
3014744
3014763
3014769
3015050
3015117
3015356
3015422
3015503
3015748
3015796
3015865
3015881
3016196
3016293
3016328
3016629
3016686
3016751
3017047
3017518
3017618
3017889
3017908
3018111
3018142
3018241
3018265
3018321
3018378
3018398
3018512
3018561
3018563
3018566
3018571
3018606
3018634
3018638
3019036
3019296
3019404
3019559
