1017317
1017723
1017955
1018059
1018132
1018173
1018392
1018679
1018746
1018877
1018885
1018917
1018975
1018989
1019061
1019157
1019208
1019307
1019458
1019583
1019599
1019632
1019690
1019718
1019722
1019849
1019900
1020045
1020082
1020095
1020372
1020751
1020937
1021108
1021156
1021243
1021326
1021518
1021524
1021525
1021564
1021566
1021764
1021832
1021858
1021893
1022026
1022242
1022303
1022311
1022394
1022413
1022476
1022531
1022540
1022616
1022652
1022759
1022857
1022968
1022997
1023159
1023643
1023916
1023921
1024006
1024057
1024100
1024161
1024181
1024222
1024356
1024573
1024661
1024748
1024769
1024907
1024933
1024945
1024986
1024988
1025003
1025015
1025032
1025208
1025370
1025466
1025509
1025618
1025697
1025719
1025826
1026069
1026189
1026193
1026317
1026364
1026372
1026546
