7141475
7141532
7141613
7141893
7142015
7142076
7142214
7142322
7142700
7142857
7142876
7143001
7143916
7144833
7145133
7145192
7145267
7145647
7145928
7145950
7146234
7146564
7146723
7146770
7147050
7147115
7147422
7147473
7147931
7148217
7148232
7148234
7148427
7148493
7148512
7148692
7148781
7149354
7149522
7149682
7149709
7149792
7150196
7150206
7150219
7151370
7151669
7151814
7152020
7152062
7152235
7152746
7153036
7153061
7153560
7153711
7153817
7154074
7154216
7154807
7154887
7155402
7155819
7155974
7157310
7157357
7157519
7157607
7157621
7157637
7157737
7157893
7158228
7158387
7158531
7158570
7158962
7159348
7159751
7160544
7160547
7160780
7161145
7161298
7161367
7161496
7161521
7161615
7162020
7162366
7162527
7162655
7162689
7162892
7163340
7163901
7163955
7164064
7164188
7164256
