3446830
3447080
3447173
3447202
3447520
3447582
3447662
3447986
3448260
3448346
3448407
3448494
3448550
3449037
3450015
3450036
3450314
3450964
3451089
3451117
3451292
3451612
3451643
3451646
3452015
3452169
3452241
3452269
3452292
3452355
3452381
3452652
3452680
3452800
3452941
3453095
3453102
3453249
3453463
3453652
3454045
3454268
3454514
3454619
3454639
3454765
3454883
3454911
3455199
3455291
3455737
3455815
3455848
3455892
3456020
3456057
3456167
3456181
3456415
3456581
3456888
3457355
3457469
3457493
3457822
3457949
3458001
3458404
3458410
3458472
3458678
3458941
3459445
3459479
3459608
3459611
3459790
3459868
3459905
3460056
3460194
3460254
3460257
3460800
3460917
3461038
3461238
3461284
3461286
3461288
3461289
3461291
3461292
3461294
3461306
3461652
3462002
3462058
3462247
3462318
