4761796
4761963
4762033
4762289
4762828
4763038
4763115
4763238
4763241
4763276
4763489
4763497
4763501
4763588
4763654
4763715
4763727
4763784
4763968
4763999
4764018
4764034
4764038
4764116
4764130
4764280
4764374
4764837
4764879
4764887
4765186
4765200
4765491
4765595
4765753
4765786
4765810
4766041
4766054
4766286
4766728
4766735
4766769
4766875
4767117
4767302
4767510
4767577
4767590
4767647
4767752
4767951
4768026
4768094
4768133
4768453
4768466
4768506
4768538
4768586
4768608
4768610
4768626
4768657
4768728
4769053
4769056
4769057
4769059
4769061
4769077
4769080
4769081
4769090
4769091
4769094
4769099
4769125
4769245
4769345
4769357
4769358
4769359
4769364
4769366
4769372
4769373
4769461
4769524
4769599
4769615
4769727
4769754
4769771
4769987
4770012
4770040
4770093
4770177
4770386
