912877
912971
913146
913206
913258
913614
913689
913690
913772
913806
913856
913906
914133
914134
914197
914310
914373
914422
914512
914548
914574
914739
914772
914797
915004
915021
915353
915366
915487
915629
915633
915836
915840
916078
916274
916379
916673
916676
916737
916793
916824
916892
917046
917064
917124
917169
917257
917326
917413
917504
917604
917656
917662
917704
917777
917899
918049
918067
918212
918220
918249
918316
918416
918422
918425
918474
918597
918656
918681
918753
919002
919036
919044
919073
919168
919244
919308
919464
919471
919599
919637
919884
920074
920076
920079
920126
920184
920529
920724
920732
920841
921095
921128
921166
921314
921609
921651
921666
921684
921716
