1395589
1395778
1395813
1395947
1395951
1395992
1396176
1396357
1396521
1396560
1396762
1396804
1396868
1396967
1397058
1397088
1397242
1397483
1397558
1397576
1397828
1397858
1398233
1398236
1398240
1398387
1398390
1398404
1398570
1398610
1398653
1398664
1398775
1398836
1398856
1398928
1398961
1398979
1399061
1399223
1399279
1399317
1399482
1399583
1399600
1399623
1400079
1400173
1400352
1400359
1400422
1400656
1400685
1401005
1401215
1401256
1401415
1401528
1401768
1402070
1402089
1402123
1402135
1402138
1402141
1402196
1402274
1402295
1402299
1402327
1402328
1402393
1402418
1402439
1402495
1402522
1402525
1402688
1402721
1402797
1402924
1402986
1403009
1403088
1403166
1403403
1403443
1403652
1403793
1403877
1403896
1404147
1404152
1404171
1404209
1404278
1404420
1404724
1404907
