2767264
2767299
2767488
2767688
2767785
2767844
2767918
2768134
2768384
2768516
2768799
2768843
2768967
2769243
2769265
2769331
2769400
2769597
2769739
2769752
2769788
2769798
2769812
2769826
2770009
2770041
2770101
2770114
2770292
2770400
2770430
2770517
2770576
2771156
2771188
2771201
2771292
2771313
2771385
2771397
2771550
2771558
2771838
2771972
2772042
2772122
2772209
2772225
2772292
2772348
2772436
2772575
2772579
2772581
2772584
2772585
2772589
2772591
2772594
2772745
2772856
2772889
2772930
2772950
2773241
2773609
2773641
2773805
2773840
2773893
2774730
2775027
2775095
2775186
2775265
2775313
2775423
2775473
2775739
2775818
2775822
2776092
2776178
2776331
2776638
2776711
2776838
2777051
2777103
2777701
2777753
2777896
2777982
2778060
2778305
2778829
2778976
2779018
2779107
2779159
