4398775
4398794
4399239
4399790
4399958
4400057
4400091
4400198
4400250
4400640
4400648
4401035
4401400
4401629
4401800
4401921
4401926
4402017
4402057
4402120
4402387
4402550
4402730
4402953
4403041
4403288
4403294
4403332
4403605
4403611
4403620
4403661
4403845
4403932
4404037
4404192
4404203
4404520
4404557
4404624
4404632
4404730
4404953
4404986
4405002
4405071
4405364
4405890
4406548
4407044
4407189
4407279
4407445
4407448
4407548
4407845
4407857
4408188
4408222
4408366
4408415
4408571
4408620
4408843
4409281
4409346
4409889
4409916
4410018
4410360
4410381
4410508
4410531
4410638
4410693
4410963
4411084
4411254
4411317
4411436
4411574
4411676
4411850
4412069
4412295
4412343
4412349
4412576
4412672
4413023
4413042
4413056
4413136
4413262
4413426
4413514
4413953
4414657
4414765
4414859
