8544615
8545183
8545302
8545610
8546326
8546327
8546357
8546900
8547561
8547805
8548005
8548778
8548920
8549267
8549273
8549898
8550658
8551163
8551334
8551925
8551979
8552206
8552514
8554729
8555002
8555245
8555285
8555433
8555780
8556177
8557232
8557332
8557530
8557913
8558655
8558912
8559196
8560348
8563677
8564976
8565430
8566217
8566282
8566340
8566596
8566675
8566676
8566851
8566917
8567009
8567394
8567843
8568218
8568436
8568867
8568952
8569235
8570365
8570644
8570852
8571406
8572196
8572971
8573184
8573211
8573946
8574099
8574613
8575147
8575414
8575580
8575714
8575751
8576356
8576617
8576766
8576789
8577192
8577434
8577838
8578038
8579368
8579788
8579825
8580056
8580225
8580700
8580977
8581572
8582122
8582148
8582246
8582439
8582445
8583062
8583796
8584743
8585579
8585595
8585762
