29610672
29611792
29612836
29614561
29616636
29618844
29621194
29623292
29623930
29624530
29624584
29627120
29632052
29632221
29633904
29635514
29637160
29638142
29638500
29638706
29640091
29640586
29642528
29642955
29643508
29645483
29645664
29645667
29647077
29647505
29648605
29653490
29654176
29657536
29660277
29661780
29665713
29667314
29670785
29671001
29671080
29672391
29672798
29674010
29674518
29676920
29677878
29678299
29680676
29682181
29682201
29683236
29683288
29684707
29685661
29687552
29688529
29692045
29696935
29697120
29697590
29697599
29699588
29700908
29702856
29705210
29705597
29709416
29710928
29712754
29713120
29717323
29718163
29721024
29721548
29723488
29725637
29727668
29728511
29728832
29729089
29731305
29731363
29733080
29733368
29733713
29733790
29734634
29735672
29740414
29740783
29742787
29743278
29743370
29744503
29745149
29746177
29747469
29748290
29748837
