1026602
1026811
1026831
1026994
1027065
1027181
1027199
1027270
1027366
1027431
1027433
1027443
1027481
1027553
1027569
1027640
1027647
1027791
1027922
1028037
1028047
1028165
1028197
1028283
1028326
1028357
1028388
1028586
1028639
1028661
1028662
1028681
1028711
1028746
1028794
1028823
1028829
1028893
1028894
1028936
1029276
1029298
1029424
1029439
1029471
1029521
1029787
1029924
1029941
1029975
1030065
1030174
1030188
1030234
1030421
1030439
1030598
1030640
1030842
1031016
1031042
1031098
1031188
1031345
1031350
1031362
1031494
1031648
1031987
1032023
1032058
1032122
1032127
1032146
1032183
1032198
1032216
1032225
1032453
1032492
1032497
1032565
1032600
1032610
1032788
1032817
1032865
1032888
1032894
1032899
1033138
1033173
1033794
1034005
1034048
1034157
1034172
1034415
1034482
1034543
