2153186
2153363
2153524
2153567
2153759
2153874
2154037
2154093
2154410
2154450
2154656
2154716
2154893
2154943
2155014
2155373
2155906
2155923
2155935
2155950
2156200
2156359
2156546
2156642
2156661
2156676
2156728
2157252
2157275
2157334
2157384
2157447
2157481
2157513
2157517
2157644
2157653
2157711
2157901
2157974
2158098
2158201
2158284
2158779
2158822
2158878
2158946
2159212
2159361
2159506
2159626
2159764
2159867
2159889
2159891
2159979
2160124
2160331
2160372
2160458
2160460
2160479
2160532
2160626
2160801
2160864
2161441
2161700
2161923
2162404
2162407
2162424
2162446
2162476
2162981
2163171
2163205
2163206
2163277
2163533
2163607
2163760
2163872
2163914
2163922
2164133
2164261
2164292
2164454
2164515
2164599
2164609
2164741
2164770
2164841
2164962
2165113
2165551
2165580
2165694
