38015139
38016272
38018256
38018961
38024435
38025745
38026130
38026670
38028683
38029020
38031291
38033324
38043776
38045018
38049690
38050180
38052507
38055200
38056249
38058709
38059282
38059976
38062798
38063311
38066330
38067527
38068356
38070716
38071631
38072421
38075310
38075678
38078130
38078579
38080782
38082830
38085403
38086998
38089798
38089907
38092417
38094702
38095880
38096108
38097810
38098352
38101868
38101944
38102023
38102500
38103774
38104204
38106558
38111285
38112643
38113805
38113932
38115031
38116914
38116920
38118276
38123827
38127935
38129781
38130154
38130960
38133300
38134253
38135880
38141421
38141902
38144134
38146100
38148018
38148208
38148365
38151140
38152856
38153998
38154822
38154884
38156112
38156906
38159348
38159688
38160756
38163127
38164453
38164835
38166284
38169214
38169780
38171064
38172286
38175599
38176409
38177712
38178208
38179395
38179988
