4080504
4080996
4081228
4081471
4081509
4081795
4082065
4082315
4082460
4082669
4083137
4083182
4083732
4083746
4083873
4084036
4084300
4084350
4084575
4084603
4084681
4085172
4085358
4085511
4085548
4085652
4085797
4085921
4085939
4085956
4086118
4086360
4086440
4086448
4086681
4086928
4087089
4087116
4087261
4087451
4087538
4088119
4088180
4088239
4088263
4088289
4088503
4088607
4088920
4089135
4089281
4089344
4089372
4089477
4089478
4089495
4089622
4089701
4090331
4090345
4090528
4091112
4091141
4091189
4091561
4091650
4092086
4092304
4092690
4092917
4092955
4092962
4093157
4093222
4093224
4093933
4093935
4093984
4094128
4094161
4094302
4094524
4094858
4095176
4095186
4095228
4095270
4095466
4095747
4095794
4095806
4096072
4096095
4096350
4096355
4096656
4096788
4097025
4097117
4097166
