1582531
1582561
1582655
1582662
1582733
1582781
1582836
1582900
1583072
1583144
1583204
1583409
1583632
1583877
1583976
1584049
1584123
1584341
1584594
1584622
1584649
1584943
1585007
1585259
1585261
1585377
1585387
1585417
1585719
1585806
1585928
1585950
1585977
1586206
1586210
1586212
1586234
1586546
1586552
1586585
1586695
1586719
1586873
1586932
1586959
1587001
1587088
1587231
1587400
1587554
1587612
1587705
1587706
1587710
1587717
1587719
1587720
1587721
1587723
1587724
1587726
1587727
1587730
1587732
1587734
1587756
1587763
1587808
1587855
1587860
1587905
1588096
1588231
1588236
1588270
1588603
1588644
1588704
1588985
1589042
1589250
1589541
1589650
1589996
1590287
1590351
1590401
1590697
1590829
1590851
1590890
1590931
1591013
1591143
1591226
1591536
1591538
1591745
1591889
1592233
