4045365
4045384
4045451
4045454
4045860
4046072
4046561
4047140
4047490
4047636
4047738
4047819
4047913
4048234
4048569
4048678
4048679
4049035
4049067
4049093
4049662
4049914
4050032
4050244
4050279
4050286
4050354
4050832
4050859
4050984
4051021
4051293
4051957
4052040
4052276
4052553
4052736
4052762
4052919
4052976
4053061
4053162
4053369
4053455
4053488
4053611
4053736
4054164
4054445
4054541
4054906
4055099
4055101
4055390
4055616
4055731
4055856
4056115
4056139
4056205
4056268
4056275
4056522
4056579
4056654
4056867
4056887
4056889
4057034
4057311
4057393
4057454
4057501
4057707
4057835
4058102
4058105
4058265
4058300
4058461
4058472
4058741
4059381
4059456
4059461
4059664
4059698
4060059
4060094
4060113
4060173
4060580
4060741
4060821
4060851
4061091
4061109
4061144
4061395
4061515
