11541482
11541750
11541788
11542029
11542207
11543053
11543105
11543307
11543314
11544848
11544973
11545618
11545623
11545988
11546366
11546422
11546557
11547809
11548058
11548334
11548391
11548868
11548953
11549109
11550470
11550843
11551845
11552381
11552477
11552833
11553556
11553765
11554800
11554997
11555132
11555149
11555395
11556672
11558456
11558575
11558900
11559408
11559596
11560184
11560656
11560721
11560896
11561894
11562123
11562240
11562308
11563576
11563984
11564573
11564765
11565205
11565761
11565780
11565896
11566084
11566577
11566947
11567126
11567347
11567598
11567674
11568317
11568333
11568777
11568994
11569256
11569464
11570088
11570102
11570439
11570601
11571032
11571314
11571470
11573927
11574611
11575477
11576953
11577253
11578404
11578950
11580204
11580285
11580391
11581148
11581574
11582020
11582080
11582445
11583326
11583356
11583363
11583563
11583943
11584014
