22682807
22687121
22687222
22687613
22688568
22689454
22690422
22691080
22691309
22693912
22695272
22695444
22696306
22697336
22697389
22697519
22697908
22698399
22699079
22700230
22701153
22701780
22702336
22702500
22703183
22704011
22704755
22705424
22705876
22705933
22706260
22706380
22707420
22709387
22710909
22710952
22714918
22714954
22715106
22717055
22719086
22719171
22721860
22722584
22722719
22722772
22722920
22724320
22725649
22725657
22726040
22727906
22728838
22729286
22730417
22731017
22731079
22731315
22735044
22735346
22735980
22735984
22736109
22737074
22737473
22738698
22739017
22739376
22739723
22739962
22740279
22740555
22741343
22741733
22742185
22743139
22743176
22743721
22744440
22745594
22746516
22747468
22747555
22749036
22749954
22750698
22751042
22752521
22753628
22756259
22757102
22758227
22760030
22760565
22761451
22761533
22761705
22761732
22764063
22764378
