1503945
1503972
1504551
1504659
1504735
1504815
1504841
1504847
1504897
1505050
1505061
1505189
1505242
1505275
1505500
1505517
1505570
1505576
1505667
1505691
1505741
1505867
1506190
1506226
1506454
1506465
1506538
1506601
1506607
1506671
1506688
1506691
1506692
1506695
1506696
1506700
1506711
1506714
1506722
1506737
1506739
1506759
1506769
1506830
1506862
1506870
1506911
1506926
1506943
1506949
1507139
1507140
1507214
1507236
1507335
1507342
1507351
1507361
1507366
1507383
1507384
1507389
1507401
1507412
1507414
1507417
1507473
1507602
1507603
1507631
1507642
1507656
1507753
1507757
1507771
1507772
1507949
1508314
1508492
1508584
1508646
1509012
1509094
1509168
1509274
1509330
1509463
1509525
1509687
1509714
1510097
1510293
1510424
1510475
1510543
1510583
1510616
1510747
1510776
