9420269
9420339
9420639
9421251
9421276
9421308
9422442
9422638
9422952
9423163
9423867
9424344
9424998
9425070
9425343
9426328
9426708
9426881
9428144
9428244
9428291
9428680
9428804
9428911
9429266
9429655
9429844
9429895
9430494
9430618
9430951
9430962
9430971
9431026
9432027
9432029
9432103
9432389
9432437
9433391
9433498
9433522
9433988
9435536
9435582
9435720
9435769
9436283
9436644
9436694
9437236
9437563
9437583
9438554
9439098
9439883
9439899
9439921
9440542
9440619
9441286
9441365
9441373
9441761
9441956
9442535
9443070
9443137
9444062
9446760
9446996
9447351
9447407
9447663
9447727
9447778
9448104
9448261
9448397
9448514
9449046
9449121
9449767
9449826
9449861
9450484
9450521
9450708
9450753
9451399
9451436
9451676
9452723
9452853
9453815
9454612
9455131
9455456
9455606
9455616
