824692
824864
824976
825342
825395
825449
825500
825551
825661
825678
825782
825890
825925
826171
826221
826232
826373
826410
826699
826791
826950
826981
827049
827060
827093
827206
827299
827338
827385
827482
827499
827541
827727
827740
827803
827828
827995
828031
828128
828165
828234
828328
829035
829046
829093
829328
829422
829435
829867
829963
830063
830164
830225
830325
830676
830715
830726
830811
830884
830900
830904
830925
830930
831020
831048
831049
831201
831225
831244
831331
831379
831397
831441
831782
831884
831974
831982
831998
832093
832108
832140
832415
832423
832498
832645
832768
832805
832831
832854
832863
832892
832939
833055
833204
833210
833301
833603
833607
833620
833689
