1208064
1208323
1208327
1208436
1208515
1208613
1208708
1208930
1208976
1208987
1209120
1209175
1209239
1209392
1209503
1209527
1209590
1209736
1209798
1209802
1209910
1210244
1210245
1210365
1210549
1210555
1210577
1210637
1210727
1210822
1211034
1211116
1211188
1211296
1211372
1211432
1211444
1211519
1211609
1211619
1211646
1211883
1211925
1211926
1212012
1212095
1212179
1212245
1212292
1212310
1212442
1212466
1212527
1212608
1212738
1212934
1213042
1213073
1213142
1213176
1213453
1213639
1213640
1213826
1213853
1213879
1213904
1214111
1214207
1214295
1214397
1214453
1214533
1214602
1214612
1214645
1214812
1214832
1214855
1214875
1214943
1214977
1215051
1215057
1215259
1215486
1215507
1215681
1215718
1215818
1215877
1215927
1215928
1216058
1216059
1216064
1216167
1216171
1216206
1216261
