22124796
22126368
22126434
22126697
22126881
22127316
22127347
22127518
22127845
22129153
22131337
22132277
22132700
22132835
22133767
22135792
22136999
22137082
22137723
22138350
22139705
22139977
22140277
22140291
22140929
22141128
22141610
22141718
22142581
22144447
22144911
22145973
22148674
22150273
22151145
22152073
22152709
22152726
22152826
22153186
22153770
22153899
22153974
22154097
22154259
22156166
22157724
22158229
22160264
22160479
22160650
22160848
22161136
22161617
22162068
22164146
22165518
22166474
22170681
22172389
22172450
22172751
22172879
22173304
22174170
22175214
22175235
22175459
22176501
22177870
22179455
22181249
22182269
22183239
22187302
22192059
22193661
22195044
22196344
22196779
22198532
22198720
22199170
22201445
22201746
22201904
22202642
22203019
22206490
22206751
22206962
22208341
22210321
22211884
22212204
22214149
22214861
22215106
22218563
22219424
