17052046
17052140
17052428
17053929
17054191
17055852
17055946
17057637
17058041
17058373
17060740
17060797
17061188
17061836
17062284
17062476
17062701
17062821
17062980
17063529
17064286
17064371
17064527
17065279
17065630
17065745
17066930
17067160
17067397
17067649
17067906
17068123
17068683
17069885
17070619
17071573
17071974
17073158
17073785
17074355
17075735
17075763
17076318
17077972
17078563
17079125
17079147
17079470
17079670
17079762
17080861
17081359
17082767
17082955
17082976
17083078
17083644
17088728
17089624
17092220
17093128
17093987
17094011
17094227
17094469
17094945
17095508
17095971
17096333
17096523
17096852
17097256
17097453
17097688
17098061
17098135
17098716
17098730
17099378
17099448
17100636
17102232
17102411
17102748
17103145
17104094
17104116
17104401
17104832
17104915
17105247
17105390
17105916
17105946
17105958
17106302
17106551
17106697
17106848
17107156
