2601339
2601398
2602582
2602702
2602722
2602910
2602968
2603290
2603300
2603387
2603391
2603539
2603767
2603986
2604264
2604332
2604566
2604779
2604890
2604952
2604984
2605187
2605333
2605401
2605489
2605683
2606008
2606038
2606054
2606277
2606292
2606319
2606359
2606489
2606504
2606652
2606712
2606746
2607095
2607215
2607465
2607684
2607798
2608365
2608525
2608610
2608755
2609023
2609109
2609344
2609619
2609737
2610104
2610302
2610321
2610335
2610428
2610564
2610698
2610720
2610806
2610898
2611062
2611489
2611567
2611611
2611772
2612000
2612173
2612737
2612826
2612944
2613013
2613309
2613327
2613435
2613436
2613519
2613676
2613776
2613832
2613850
2613994
2614082
2614152
2614253
2614369
2614457
2614497
2614794
2614810
2614832
2614954
2614974
2615014
2615046
2615051
2615078
2615221
2615388
