15607622
15608304
15609795
15610324
15611875
15613585
15614678
15615700
15617201
15617766
15617773
15618275
15618773
15618806
15619720
15619932
15621592
15621736
15621770
15622053
15622768
15623273
15623802
15623994
15625719
15625940
15626978
15627620
15628444
15629896
15630364
15631695
15632076
15632576
15633508
15634009
15634160
15634936
15635069
15635582
15635689
15636248
15636418
15637194
15637259
15637354
15637357
15641216
15641310
15642137
15642519
15642605
15642673
15642762
15643360
15645876
15646241
15646353
15646779
15647862
15650126
15650223
15650273
15650501
15650987
15651506
15651889
15654555
15654693
15654900
15655077
15655159
15655552
15655821
15656338
15656542
15656885
15656984
15657139
15657307
15657750
15658259
15658360
15658876
15659641
15659711
15659824
15659981
15660595
15660798
15660886
15661777
15661938
15662477
15663313
15663408
15663427
15663878
15665648
15666347
