5939078
5939192
5939296
5939662
5939758
5939772
5940472
5941425
5941602
5941990
5942103
5942292
5942354
5942642
5943135
5943248
5943268
5943325
5943444
5943601
5943611
5943865
5943922
5943949
5944009
5944405
5944522
5944642
5944816
5945151
5945206
5945231
5945761
5946251
5946343
5946508
5947371
5947484
5947517
5947870
5948727
5948823
5949408
5949625
5949627
5949738
5949786
5950214
5950236
5950297
5950940
5951588
5952036
5952053
5952056
5952294
5952327
5952385
5952504
5952589
5952798
5952871
5953167
5953316
5953431
5953562
5953660
5953854
5954050
5954075
5954352
5954509
5954514
5954725
5954762
5954913
5954996
5955309
5955680
5955746
5955867
5956065
5956075
5958574
5958724
5958858
5958928
5959056
5959342
5959640
5959950
5959954
5960034
5960108
5960116
5960310
5960466
5960632
5960644
5960771
