4177877
4177883
4177937
4177943
4178096
4178106
4178338
4178758
4178777
4179093
4179141
4179212
4179703
4179739
4179868
4179905
4180024
4180117
4180214
4180417
4180435
4180439
4180456
4180461
4180465
4180468
4180491
4180805
4180809
4180815
4180891
4181014
4181062
4181077
4181206
4181277
4181412
4181451
4181460
4181517
4181824
4181914
4181989
4181998
4182117
4182452
4182914
4183033
4183085
4183358
4183564
4183570
4183707
4184582
4184741
4184756
4184964
4185057
4185118
4185141
4185505
4185664
4185779
4186126
4186152
4186543
4186684
4186719
4186959
4187022
4187059
4187188
4187373
4187581
4187624
4187678
4187698
4187804
4188044
4188063
4188095
4188106
4188511
4188580
4188591
4188615
4188627
4188636
4188761
4188784
4188905
4189041
4189131
4189648
4189733
4189741
4190302
4190371
4190468
4190598
