3126495
3126982
3127121
3127204
3127275
3127448
3127491
3127654
3127659
3127724
3127951
3127962
3128026
3128083
3128105
3128156
3128203
3128325
3128429
3128597
3128651
3128740
3128846
3128880
3128918
3129141
3129152
3129195
3129322
3129333
3129500
3129538
3129669
3129735
3129760
3129818
3129869
3130552
3130632
3131381
3131412
3131497
3131530
3131630
3131680
3132280
3132355
3132609
3132648
3132684
3132871
3132882
3132895
3133013
3133060
3133122
3133157
3133220
3133257
3133275
3133416
3133563
3133604
3133620
3133747
3133796
3133872
3134034
3134058
3134105
3134250
3134283
3134310
3134549
3134553
3134736
3134777
3134800
3135044
3135142
3135386
3135431
3135683
3135795
3135815
3135844
3135891
3135995
3136131
3136172
3136216
3136249
3136267
3136376
3136461
3136537
3137027
3137122
3137196
3137212
