18591192
18592172
18592525
18592961
18593625
18593727
18593769
18594828
18595416
18595708
18595735
18596916
18597935
18598234
18598659
18598979
18599559
18600400
18600872
18601406
18601888
18602794
18603146
18603738
18603896
18604479
18604901
18606953
18607007
18607890
18608345
18609027
18609849
18613482
18615134
18616172
18616242
18616578
18616734
18617317
18618011
18618095
18618476
18620147
18621837
18621974
18622556
18623670
18624037
18624172
18624181
18624245
18624464
18624927
18625708
18625957
18626041
18626527
18626533
18628075
18629190
18629231
18631164
18631648
18631916
18632029
18632045
18632539
18632682
18633130
18633251
18633842
18634312
18634638
18634876
18634986
18635064
18635156
18636657
18637373
18637473
18638977
18644445
18645074
18645718
18647967
18649534
18649865
18650747
18652616
18653784
18653995
18654095
18654255
18654387
18654550
18655069
18655583
18655710
18655806
