20328476
20330160
20330332
20330450
20331460
20332899
20336982
20337853
20342740
20344339
20345486
20345776
20345947
20347572
20348614
20349276
20349387
20349710
20350249
20350830
20351094
20351816
20352329
20353534
20356481
20357391
20358007
20358720
20361415
20361437
20361481
20362414
20362888
20363486
20363594
20364587
20364655
20365187
20366457
20367027
20367352
20367526
20368267
20368444
20368663
20368878
20370558
20372838
20373565
20374082
20374656
20375298
20376217
20377891
20379089
20381484
20383299
20383914
20384497
20386688
20386883
20387277
20388061
20388374
20388888
20388911
20388939
20389729
20389975
20390451
20391136
20391348
20392146
20392672
20392811
20393550
20393879
20395430
20395580
20396424
20396740
20397324
20397374
20397683
20397913
20398741
20398914
20399879
20401081
20406655
20407523
20408288
20409276
20410366
20411196
20413600
20413868
20415485
20417258
20419108
