11975455
11975632
11975658
11975706
11975842
11976121
11976223
11976451
11976540
11976872
11977108
11977752
11978294
11978691
11978756
11979942
11979973
11980425
11980853
11981180
11981406
11981771
11981892
11982231
11982944
11982970
11983041
11983175
11983837
11985326
11986011
11987672
11988340
11988493
11989116
11989499
11989559
11990324
11991070
11991650
11992692
11992702
11992845
11994394
11994712
11994763
11994872
11994880
11995160
11995660
11995831
11997812
11998193
11999169
11999660
12000203
12000450
12000749
12001280
12001290
12001777
12002116
12002272
12003812
12004359
12004495
12004928
12005087
12005098
12005302
12005701
12006365
12006487
12006675
12007219
12008175
12008945
12010395
12010503
12010817
12010985
12011177
12011368
12011589
12011695
12011760
12012118
12013928
12014307
12015993
12016994
12017149
12017498
12017677
12018415
12018782
12019121
12019447
12019669
12019787
