17440501
17440655
17441267
17441696
17441763
17441784
17442609
17442707
17443235
17443703
17443804
17443981
17444159
17444311
17444416
17444485
17445109
17445800
17446165
17446166
17446481
17447042
17447398
17447573
17447862
17448424
17448780
17449065
17449431
17449514
17450263
17450266
17450526
17450905
17452293
17452303
17452532
17453056
17453717
17454075
17454113
17455236
17455977
17457978
17458354
17459036
17459718
17459788
17459892
17459899
17459978
17460173
17461082
17461458
17464543
17464802
17466213
17467068
17467729
17469047
17469201
17470110
17471205
17471440
17471458
17472153
17472534
17473570
17474469
17474545
17475067
17475743
17475752
17475826
17476423
17477429
17477496
17478294
17478567
17478798
17479592
17479729
17479781
17480224
17480572
17480689
17480739
17481290
17481343
17481529
17481758
17481860
17481960
17482051
17483320
17483541
17485237
17485555
17485683
17485973
