6048164
6048236
6048804
6049062
6049587
6049623
6049693
6050465
6050823
6050928
6051048
6051410
6051425
6051547
6051748
6052043
6052334
6052888
6053311
6053342
6053359
6053522
6053678
6054096
6054116
6054133
6054482
6054564
6054681
6054686
6055097
6055134
6055214
6055418
6055524
6055642
6055856
6055895
6055977
6055993
6056166
6056391
6056419
6056617
6056852
6056971
6057495
6057543
6057993
6058346
6058998
6059181
6059406
6059603
6059667
6059886
6060717
6060741
6060979
6061007
6061080
6061177
6061613
6061718
6061833
6061870
6062267
6062401
6062423
6062585
6062910
6063469
6063696
6063793
6064031
6064037
6064044
6064081
6064308
6064537
6064740
6064939
6064965
6065219
6065252
6065324
6065459
6065696
6065762
6065815
6065897
6066100
6066339
6066348
6066507
6068120
6068429
6068439
6068483
6068544
