31345768
31350160
31354014
31355020
31355158
31356854
31358337
31359569
31362084
31362350
31363056
31364343
31365312
31365447
31367103
31367676
31367737
31368284
31370755
31370852
31377516
31378809
31385491
31386218
31391318
31391839
31392596
31392689
31393133
31394891
31397578
31398611
31398628
31398973
31400318
31400872
31405488
31405633
31408603
31413153
31413201
31413382
31414332
31415596
31415951
31417624
31418519
31422083
31422134
31422925
31425733
31426658
31430317
31432034
31436189
31436372
31437542
31440225
31441099
31441981
31442280
31443308
31444760
31447406
31448688
31449514
31449983
31451253
31452383
31454029
31454517
31454687
31457139
31461824
31462681
31462740
31463104
31464121
31464689
31464907
31466086
31467831
31472260
31476646
31476727
31477711
31479531
31480189
31483662
31489294
31489599
31489765
31491491
31493394
31493582
31494403
31495059
31495785
31496435
31497110
