25085535
25085630
25086183
25087993
25088257
25089218
25089338
25090244
25091840
25093236
25093476
25094822
25096016
25097824
25098288
25098849
25103326
25103931
25105549
25106554
25106579
25106924
25107252
25107326
25107636
25107976
25109002
25109863
25110198
25111882
25111901
25113048
25113259
25116334
25118632
25121007
25121422
25122553
25126626
25127172
25128603
25128998
25130466
25130650
25130737
25131895
25131986
25132983
25133036
25133049
25134858
25135570
25137046
25138124
25138234
25138293
25139420
25140844
25141074
25141543
25141749
25142569
25142773
25142878
25143897
25146167
25147562
25147784
25148697
25148901
25148909
25150353
25150630
25150796
25151592
25151883
25152346
25152461
25153766
25156259
25156435
25156963
25157418
25163031
25163307
25164476
25171587
25176089
25176960
25177584
25178141
25178237
25179938
25183192
25184600
25184765
25185309
25185633
25186596
25190839
