23166405
23166429
23167136
23167410
23167712
23168953
23170824
23172375
23172925
23173693
23176516
23177247
23178152
23178477
23179211
23179710
23180259
23180474
23182340
23183436
23184292
23185392
23185649
23186850
23186863
23188106
23188320
23188827
23190204
23190730
23192325
23192674
23194156
23196564
23199385
23200888
23200949
23200976
23201500
23201957
23202014
23203233
23203658
23203954
23204010
23204377
23204827
23205411
23205655
23207361
23207447
23209133
23211558
23212054
23212144
23212212
23214437
23215893
23215906
23215913
23215984
23217851
23218015
23218067
23218821
23219349
23220415
23222323
23224647
23225919
23226642
23226715
23230711
23233055
23233234
23233462
23234629
23235227
23235301
23236052
23237796
23238656
23238673
23239101
23239272
23239875
23241327
23241928
23243093
23243506
23243780
23244464
23244489
23244916
23245930
23247777
23247836
23248049
23248050
23248162
