13153952
13153965
13154411
13155430
13155516
13155579
13156126
13156922
13156946
13157468
13158445
13158511
13158616
13159069
13159663
13162280
13162788
13162876
13163317
13163972
13164936
13165337
13165487
13165770
13166937
13167052
13167630
13168571
13169445
13169574
13169941
13170053
13171140
13171250
13171507
13171597
13171598
13171640
13172150
13172157
13172793
13172921
13174075
13174145
13174460
13175556
13175688
13177286
13178244
13179006
13179158
13179981
13180371
13180429
13181751
13182038
13182657
13182749
13182971
13183004
13183792
13184017
13185066
13185267
13185493
13185564
13186135
13190100
13190696
13190901
13191934
13192022
13192602
13192799
13193526
13194577
13195222
13195557
13196033
13197648
13198850
13199131
13199134
13199485
13200326
13202604
13203418
13203478
13203614
13204775
13205341
13205505
13206267
13206466
13207649
13208007
13208094
13208104
13208369
13208762
