738899
738915
739201
739211
739464
739558
739572
739600
739605
739707
739711
739945
740063
740077
740108
740158
740676
740693
740780
740877
740903
741002
741045
741066
741137
741149
741306
741487
741564
741586
741688
741715
742080
742141
742150
742172
742245
742278
742299
742353
742372
742664
742805
742936
743027
743109
743190
743204
743266
743423
743427
743438
743536
743541
743607
743611
743633
743786
743810
743908
744009
744254
744467
745166
745239
745243
745256
745257
745304
745380
745382
745624
745832
745859
745934
746042
746281
746524
746571
746637
747050
747206
747214
747295
747329
747420
747485
747486
747508
747564
747690
747740
747861
748146
748155
748479
748503
748595
749154
749177
