19414827
19415199
19416825
19417546
19417763
19417820
19420300
19421515
19421706
19421875
19424017
19424194
19424241
19424370
19424913
19425051
19425498
19425768
19426069
19426111
19426701
19426813
19426914
19427020
19427180
19427810
19428096
19428504
19428670
19428679
19429266
19429371
19430375
19430717
19431303
19431699
19433316
19433724
19434536
19434667
19437932
19438019
19438758
19438919
19439793
19440419
19441140
19442499
19442981
19444976
19446621
19447273
19447531
19448151
19448726
19448792
19448899
19450770
19450885
19452280
19454383
19456172
19457218
19457408
19457524
19457880
19458273
19458637
19458994
19459124
19463700
19464425
19465397
19465921
19465957
19466022
19466566
19466882
19467098
19467710
19469251
19469876
19470471
19470544
19470614
19472573
19472917
19475503
19475555
19475669
19475772
19476197
19476665
19477158
19477429
19478625
19478938
19479133
19479302
19479407
