19051635
19051845
19052319
19052494
19052806
19054018
19054561
19054798
19055025
19055472
19056597
19056881
19058384
19058553
19058697
19059728
19059909
19060327
19060416
19061018
19061144
19061696
19063819
19064686
19065877
19066641
19068050
19068817
19072490
19072817
19073407
19075592
19075747
19077455
19078179
19078427
19079815
19081557
19082474
19082884
19083162
19083572
19084872
19084951
19085628
19086618
19087123
19087505
19088089
19088585
19088618
19089044
19089051
19089079
19089708
19089837
19090527
19090597
19091212
19091985
19092189
19094045
19096903
19097154
19097214
19097232
19098512
19098700
19102717
19105151
19105529
19105924
19106335
19106461
19107395
19107722
19109440
19109897
19110998
19112154
19112617
19113727
19114541
19115491
19115922
19116793
19117034
19117088
19117912
19119443
19120487
19121556
19122653
19123166
19123383
19125261
19127645
19127997
19128318
19128426
