1111805
1111840
1111985
1112142
1112268
1112337
1112531
1112618
1112954
1113016
1113032
1113111
1113116
1113133
1113410
1113490
1113663
1113796
1113850
1114034
1114201
1114360
1114381
1114490
1114539
1114758
1114841
1115032
1115034
1115373
1115394
1115457
1115581
1115724
1115817
1115923
1115936
1116098
1116158
1116186
1116195
1116218
1116517
1116519
1116526
1116549
1116649
1116730
1116864
1116880
1117115
1117181
1117186
1117188
1117204
1117824
1117839
1117872
1117991
1118033
1118070
1118493
1118643
1118671
1118700
1118792
1118813
1118847
1118952
1119019
1119044
1119099
1119155
1119257
1119310
1119598
1119649
1119661
1120068
1120140
1120254
1120321
1120361
1120772
1121003
1121004
1121047
1121060
1121078
1121158
1121381
1121401
1121405
1121411
1121573
1121687
1121700
1121786
1121979
