84518
84676
84749
84763
84808
84852
85009
85246
85524
85534
85772
85827
85848
85857
85862
85870
85908
86061
86145
86424
86446
86722
86806
86827
86892
87013
87050
87120
87221
87333
87413
87470
87492
87531
87708
87942
87962
88066
88184
88243
88389
88404
88592
88593
88602
88615
88648
88704
88924
89044
89139
89168
89266
89270
89392
89458
89760
89785
89893
90137
90467
90479
90743
90754
90786
90791
90799
90812
90840
90875
90956
91005
91139
91149
91176
91186
91211
91284
91346
91406
91672
91778
91950
91983
92056
92104
92127
92235
92393
92485
92527
92585
92730
92737
93071
93160
93172
93254
93344
93347
