40407757
40409513
40412808
40417442
40417915
40419807
40420654
40422888
40425082
40426932
40427291
40428375
40428608
40429839
40430230
40430512
40432938
40433489
40435697
40437621
40440140
40441745
40442498
40447469
40447958
40449942
40450327
40450520
40457036
40457365
40459876
40461224
40462652
40463356
40465574
40466811
40469086
40470519
40473768
40475092
40475409
40476687
40476709
40476901
40481005
40481339
40482829
40484772
40486970
40488496
40489451
40491461
40491605
40493337
40493551
40496572
40500652
40503566
40510126
40514383
40514734
40515613
40515970
40516587
40519401
40520249
40520935
40521622
40521737
40522381
40524196
40524211
40524341
40525611
40531020
40531584
40532458
40534811
40539441
40539503
40541707
40542810
40542928
40543032
40543276
40546255
40546551
40553391
40554614
40554781
40556778
40558543
40558971
40563116
40564206
40566431
40574788
40574939
40575319
40575414
