2177944
2178029
2178142
2178318
2178473
2178507
2178537
2178558
2178782
2179019
2179052
2179117
2179134
2179196
2179237
2179397
2179467
2179627
2179954
2180097
2180174
2180373
2181146
2181257
2181790
2181822
2182066
2182067
2182214
2182431
2182454
2182483
2182745
2182829
2182917
2182930
2183124
2183174
2183328
2183512
2183532
2183671
2183713
2183809
2183938
2183974
2184154
2184156
2184307
2184362
2184428
2184487
2184556
2184678
2184687
2184902
2184968
2185110
2185137
2185139
2185266
2185447
2185518
2185554
2185579
2185651
2185791
2186101
2186112
2186127
2186509
2186708
2187002
2187286
2187442
2187537
2187592
2187652
2187789
2187852
2188058
2188073
2188383
2188496
2188596
2188666
2188797
2189049
2189167
2189422
2189604
2189903
2190056
2190299
2190621
2190708
2190770
2190805
2190963
