12788119
12788176
12789162
12789989
12790818
12790966
12791132
12791209
12793037
12793221
12794470
12794672
12794767
12794928
12795991
12796326
12797167
12797226
12797522
12797604
12797740
12797773
12797786
12798649
12799219
12800040
12800270
12800279
12800498
12801215
12802013
12802107
12802357
12803742
12805701
12805782
12806496
12807671
12807702
12807718
12807834
12808057
12808077
12808582
12810014
12810403
12810630
12810656
12811437
12811464
12811665
12812185
12812382
12813332
12814894
12815819
12816289
12816884
12818322
12819639
12819875
12819909
12822001
12822053
12822443
12825131
12825549
12825568
12825942
12826227
12826505
12826823
12827320
12828076
12828459
12828710
12829291
12829336
12829339
12829807
12830369
12830595
12831300
12831681
12831685
12832212
12833228
12834993
12835081
12835594
12835890
12837097
12838284
12838666
12838829
12839197
12839487
12840199
12841926
12842030
