9714153
9714166
9716114
9716238
9716344
9716414
9717348
9718074
9718143
9718168
9719474
9719793
9720198
9720555
9721476
9721985
9722515
9722562
9723464
9723529
9723897
9724892
9725417
9725724
9726397
9727058
9727371
9727697
9727850
9728408
9728554
9729172
9729488
9729688
9730567
9731247
9731346
9731353
9731655
9732013
9732174
9732279
9732859
9733068
9733694
9733862
9733962
9734157
9734669
9734958
9735519
9735733
9735803
9736082
9736462
9736512
9737029
9737076
9737173
9737593
9737793
9737892
9738123
9738169
9738423
9738478
9738545
9738671
9738819
9739039
9739040
9739117
9739293
9739709
9739745
9739938
9740229
9740418
9740512
9741660
9743181
9743375
9743396
9744129
9744247
9744390
9744705
9745072
9745523
9745613
9747119
9747326
9747524
9747825
9748094
9748416
9748638
9748792
9749654
9749710
