8440520
8440786
8440850
8441982
8442345
8442379
8442520
8442590
8442816
8442919
8444260
8444522
8444586
8444655
8444803
8445143
8445460
8445763
8446321
8446391
8446412
8446902
8447379
8447495
8447845
8448442
8448566
8448768
8448772
8449421
8449616
8449631
8449656
8449836
8449851
8450284
8450289
8450617
8451090
8451173
8451202
8451325
8451559
8451753
8451807
8451911
8452816
8453184
8453561
8453900
8454263
8454346
8454419
8454544
8454712
8455133
8455497
8455904
8456372
8457338
8457950
8459498
8460168
8460687
8460693
8461145
8462374
8462731
8463880
8463907
8463925
8464548
8464865
8465115
8465191
8466350
8466764
8466913
8466995
8467004
8467011
8467091
8467346
8467482
8467527
8467536
8467807
8468109
8468189
8468410
8468451
8468528
8468608
8468912
8469212
8469383
8469443
8469627
8469869
8469961
