1378262
1378316
1378457
1378615
1378745
1378756
1378820
1378917
1378945
1378991
1379002
1379040
1379173
1379353
1379372
1379400
1379741
1379821
1380029
1380066
1380353
1380370
1380392
1380447
1380534
1380554
1380665
1380692
1380754
1380827
1380907
1380910
1380912
1380913
1380956
1381028
1381126
1381447
1381704
1381728
1381831
1382132
1382157
1382162
1382179
1382385
1382936
1382956
1382986
1383090
1383162
1383186
1383261
1383279
1383288
1383404
1383602
1383609
1383685
1383758
1383801
1383837
1384077
1384084
1384124
1384125
1384137
1384155
1384157
1384173
1384204
1384232
1384239
1384432
1384521
1384628
1384663
1384692
1384809
1384817
1384907
1384944
1385193
1385226
1385277
1385302
1385345
1385371
1385421
1385627
1385732
1385812
1385900
1385923
1385929
1385980
1386046
1386165
1386206
1386234
