3093353
3093379
3093380
3093385
3093515
3093592
3093647
3093657
3093747
3093876
3093881
3093927
3093953
3093999
3094032
3094062
3094077
3094171
3094193
3094291
3094317
3094614
3094914
3095318
3095323
3095554
3095638
3095921
3095945
3095973
3096101
3096138
3096189
3096283
3096712
3096727
3096792
3096865
3096928
3096967
3097049
3097051
3097131
3097397
3097565
3097593
3097617
3097937
3098046
3098112
3098181
3098741
3098758
3098810
3098872
3098873
3098876
3098901
3099003
3099051
3099112
3099180
3099199
3099201
3099247
3099251
3099305
3099335
3099486
3099654
3099676
3099788
3099799
3099801
3099809
3099888
3100057
3100060
3100263
3100303
3100404
3100419
3100584
3100662
3100732
3100900
3100967
3101051
3101094
3101124
3101228
3101335
3101396
3101500
3101587
3101662
3101930
3101947
3101962
3102156
