8976365
8976403
8977175
8977404
8977512
8977528
8978200
8978478
8980620
8981613
8982896
8983597
8985300
8986219
8987283
8987537
8987677
8988200
8988331
8990366
8990813
8990924
8990982
8990986
8992072
8994239
8994327
8994398
8994552
8995218
8995937
8996400
8996493
8999075
8999266
9000113
9000120
9000765
9002768
9002776
9002970
9003233
9003239
9003353
9003373
9003694
9003924
9004369
9004390
9004579
9004740
9006434
9006753
9006938
9007449
9010101
9010659
9011887
9011993
9013436
9013721
9013845
9014932
9015546
9016001
9016327
9016408
9016585
9016731
9016924
9017065
9017202
9017435
9018371
9018548
9018720
9018826
9019251
9019422
9020035
9020352
9022739
9023266
9023881
9024015
9024311
9024333
9024386
9024769
9024808
9024875
9025535
9025777
9025897
9026585
9026766
9027222
9027644
9028485
9029309
