13210107
13210335
13211065
13211801
13213349
13213723
13213743
13215441
13219117
13220133
13220417
13220449
13220890
13221446
13221587
13221641
13221707
13222012
13222274
13222374
13223725
13223842
13223945
13224063
13224161
13224225
13225285
13226004
13226095
13227095
13227507
13228630
13229023
13229152
13229814
13229858
13230232
13230430
13232112
13232449
13233416
13233901
13234091
13234134
13234296
13234582
13235075
13235925
13237534
13238181
13239144
13239559
13239632
13239641
13241856
13242862
13243361
13244256
13244351
13245757
13246099
13246379
13247402
13247457
13248295
13248371
13248731
13248808
13249062
13249814
13250122
13250869
13253341
13253419
13253933
13254210
13254877
13256564
13257034
13257095
13257328
13257738
13257876
13258111
13258140
13258315
13259024
13259231
13259466
13259678
13259887
13260579
13260585
13260843
13260924
13261425
13263527
13263898
13265124
13265585
