4311605
4311618
4311675
4311721
4311771
4311863
4311874
4311927
4312098
4312143
4312181
4312501
4312534
4313080
4313618
4313827
4313829
4313834
4313836
4313840
4313844
4313847
4313967
4314123
4314165
4314303
4314397
4314470
4314498
4314561
4314602
4314668
4314817
4314933
4314984
4315001
4315007
4315012
4315020
4315028
4315030
4315033
4315034
4315043
4315047
4315071
4315374
4315429
4315452
4315455
4315459
4315466
4315469
4315475
4315477
4315636
4315668
4315784
4315837
4315898
4316046
4316093
4316148
4316151
4316159
4316221
4316232
4316299
4316327
4316393
4316400
4316438
4316450
4316486
4316503
4316512
4316647
4316798
4316844
4316885
4316900
4316993
4317061
4317126
4317212
4317231
4317280
4317378
4317455
4317705
4317849
4317896
4317947
4317992
4318098
4318369
4318581
4318582
4318794
