7194644
7195397
7195629
7195657
7195856
7196025
7196423
7197046
7197289
7197790
7197862
7198265
7198571
7198993
7199372
7199723
7199896
7200342
7200818
7201496
7201557
7201755
7201802
7201946
7202026
7202375
7202645
7202726
7202826
7203087
7203228
7203232
7203322
7203661
7204140
7204303
7204517
7205012
7205140
7206576
7206711
7206847
7207092
7207257
7207399
7208024
7208320
7208374
7208756
7208818
7209141
7209516
7209712
7209992
7210028
7210698
7210722
7212097
7212176
7212337
7212466
7212484
7212817
7212933
7213075
7213229
7213838
7214290
7214373
7214378
7214608
7214840
7215200
7215781
7215889
7215962
7216023
7216176
7216264
7216360
7217101
7217249
7217434
7217857
7218411
7218768
7218840
7219180
7219369
7219726
7219791
7220032
7220562
7220682
7220741
7221133
7221205
7221616
7221917
7222056
