3994950
3995042
3995052
3995517
3995868
3996030
3996043
3996130
3996668
3996771
3996785
3996804
3997149
3997391
3997406
3997485
3997539
3997836
3997886
3997905
3998251
3999066
3999281
3999412
3999559
3999663
4000368
4000424
4000502
4000604
4000681
4001477
4001587
4001682
4001783
4002004
4002246
4002283
4002839
4002963
4003080
4003197
4003312
4003499
4003786
4003941
4004065
4004080
4004216
4004296
4004346
4004482
4004517
4004905
4004906
4005237
4005449
4006077
4006193
4006429
4006450
4006451
4006679
4006808
4006867
4006951
4007304
4007588
4007810
4007833
4008000
4008232
4008320
4008484
4008498
4008545
4008746
4009181
4009211
4009300
4009501
4009517
4009675
4009733
4009821
4009935
4009947
4009955
4009965
4010030
4010195
4010320
4010366
4010426
4010742
4011534
4011551
4011740
4011851
