3927146
3927152
3927273
3927436
3927518
3927545
3927553
3927858
3928332
3928582
3928656
3928741
3928782
3928870
3928963
3929077
3929232
3929370
3929563
3929696
3929739
3930208
3930840
3930846
3931041
3931233
3931347
3931510
3931750
3932044
3932230
3932277
3932303
3932390
3932541
3932581
3932631
3932680
3933064
3933173
3933192
3933266
3933410
3933549
3933999
3934744
3934863
3934908
3934920
3935027
3935057
3935150
3935533
3935796
3935866
3936072
3936233
3936314
3936334
3936794
3937070
3937110
3937119
3937144
3937229
3937349
3937476
3938288
3938479
3938553
3938617
3938740
3938743
3938962
3939329
3939662
3940181
3940587
3940882
3940895
3940952
3941061
3941245
3942077
3942150
3942419
3942441
3942561
3942638
3942694
3943121
3943400
3943659
3944112
3944302
3944472
3944574
3944688
3944964
3945182
