10010088
10010247
10010579
10010720
10010806
10011005
10011009
10011043
10011144
10012832
10013208
10013381
10013419
10014461
10014610
10014653
10014713
10014719
10015177
10015307
10015505
10016469
10016870
10017576
10017758
10018286
10018433
10018668
10018862
10019229
10019639
10019942
10020294
10020380
10020959
10021196
10021260
10021263
10021466
10021876
10021882
10021890
10022517
10023150
10023316
10024062
10026173
10027917
10027942
10029134
10030902
10030919
10031605
10031975
10032033
10032483
10032618
10033589
10033662
10033686
10034116
10035425
10035429
10035638
10035914
10035959
10036067
10036504
10036856
10036982
10037344
10038574
10038785
10038844
10038905
10039002
10039345
10039600
10039678
10039743
10039869
10040395
10040572
10040575
10040810
10040838
10040886
10040888
10041220
10041398
10041551
10041631
10041866
10041980
10042208
10043780
10044207
10044697
10044896
10045114
