1665806
1665875
1666072
1666090
1666103
1666395
1666487
1666689
1666691
1666703
1666718
1666740
1666841
1666909
1667022
1667034
1667120
1667123
1667126
1667176
1667207
1667254
1667263
1667307
1667323
1667458
1667610
1667680
1667713
1667714
1667719
1667730
1667736
1667749
1667807
1667836
1667938
1667940
1667953
1667956
1667957
1667969
1667977
1668001
1668028
1668039
1668041
1668045
1668052
1668055
1668122
1668161
1668236
1668264
1668287
1668303
1668310
1668411
1668421
1668488
1668525
1668576
1668591
1668657
1668691
1668693
1668696
1668756
1668769
1668883
1669122
1669380
1669402
1669418
1669461
1669635
1669723
1669769
1669951
1670038
1670110
1670111
1670125
1670183
1670264
1670313
1670343
1670448
1670480
1670500
1670525
1670539
1670659
1670745
1670768
1670790
1670847
1670879
1670925
1670934
