2615409
2615410
2615484
2615541
2615727
2615946
2615950
2615996
2616016
2616204
2616213
2616529
2616583
2616825
2617114
2617186
2617547
2617599
2617636
2617646
2617703
2617727
2617799
2618194
2618365
2618664
2618757
2618833
2618874
2619023
2619049
2619256
2619293
2619324
2619568
2619634
2619733
2619892
2619896
2619920
2620012
2620036
2620081
2620094
2620130
2620235
2620282
2620312
2620394
2620693
2620758
2620796
2620809
2620976
2621042
2621072
2621130
2621250
2621266
2621386
2621454
2621471
2621513
2621518
2621528
2621652
2621754
2621986
2622271
2622304
2622347
2622389
2622414
2622629
2622750
2622767
2623049
2623277
2623429
2623602
2623886
2623891
2624012
2624116
2624149
2624193
2624231
2624325
2624341
2624495
2624548
2624791
2625148
2625251
2625280
2625519
2625671
2625761
2625811
2625851
