26770220
26771933
26771937
26775463
26775742
26778786
26779498
26779715
26781418
26782643
26784834
26785691
26786855
26788834
26789333
26791092
26795399
26795646
26797167
26798287
26799174
26799505
26801806
26801955
26802244
26804905
26805734
26808654
26809586
26810787
26812546
26814083
26814356
26814960
26815342
26815388
26817578
26817959
26818756
26819307
26820604
26821225
26821837
26822340
26822356
26826242
26827023
26828333
26829941
26831848
26835107
26835661
26837628
26839614
26843759
26844635
26848404
26848929
26849814
26851262
26851636
26852868
26856708
26859231
26860319
26861807
26862049
26862800
26863561
26865648
26865675
26866071
26868386
26870962
26872019
26872319
26873462
26874432
26875398
26875684
26875888
26876584
26877512
26878037
26879958
26880708
26880739
26883822
26884559
26886961
26887799
26888984
26892292
26894905
26895398
26898682
26899311
26899749
26899972
26900766
