12403802
12403987
12404558
12404619
12404922
12405737
12407933
12407936
12408444
12408673
12409283
12409446
12410002
12410077
12410291
12410570
12411297
12411373
12411766
12413475
12414045
12416557
12417511
12417783
12419302
12419594
12420030
12420586
12421227
12422033
12422161
12422625
12422646
12422704
12423131
12423260
12423825
12424542
12425278
12425335
12425497
12425535
12425594
12425660
12425713
12425916
12426147
12426377
12427438
12427649
12427741
12427928
12427970
12428275
12428929
12429125
12429909
12429932
12432759
12433673
12433716
12433724
12433993
12434890
12435426
12435741
12436069
12436643
12436799
12437658
12439010
12439471
12439771
12440001
12440169
12441172
12441425
12441454
12441585
12441815
12442137
12442970
12443042
12444370
12444799
12445055
12445270
12446568
12447061
12447371
12448817
12449890
12450750
12451647
12451663
12452037
12452232
12452860
12453423
12454348
