1873990
1874014
1874133
1874193
1874245
1874316
1874464
1874870
1874951
1875070
1875193
1875454
1875506
1875555
1875630
1875654
1875842
1876067
1876075
1876190
1876250
1876618
1876643
1876825
1877011
1877052
1877127
1877203
1877369
1877443
1877983
1878311
1878417
1878434
1878651
1878732
1878810
1879027
1879031
1879040
1879456
1879577
1879745
1879873
1879958
1880023
1880067
1880161
1880167
1880217
1880289
1880299
1880481
1880655
1880719
1881115
1881255
1881310
1881388
1881599
1881651
1881695
1882197
1882475
1882583
1882681
1882712
1882903
1882994
1883002
1883004
1883049
1883099
1883144
1883148
1883394
1883587
1883804
1883832
1884062
1884258
1884422
1884979
1885021
1885073
1885081
1885480
1885544
1885723
1885732
1885756
1885795
1885872
1885879
1885973
1886234
1886280
1886570
1886877
1887050
