758797
758798
758799
758800
758801
758805
758809
758813
758814
758821
758822
758826
758831
758832
758834
758835
758858
758888
758953
758972
759002
759085
759138
759159
759245
759535
759603
759656
759690
759697
759704
759975
759981
760030
760255
760331
760353
760474
760545
760556
760591
760635
760648
760700
761125
761190
761397
761910
761971
762108
762235
762408
762523
762694
762695
762716
762779
762863
762951
762966
763193
763240
763284
763303
763354
763510
763516
763576
763687
763739
763797
763862
763903
763953
764041
764047
764065
764192
764215
764330
764340
764386
764571
764680
764746
764932
765102
765372
765530
765590
765611
765643
765958
766078
766488
766524
766631
766737
766840
766968
