23084193
23084698
23084758
23085472
23085785
23086770
23086964
23087444
23089057
23089303
23089459
23094890
23095976
23096097
23096369
23097218
23098267
23098411
23100132
23100670
23100701
23102086
23102681
23104072
23104759
23105108
23107293
23107543
23107667
23109408
23109768
23111204
23111909
23112253
23113131
23113746
23118280
23120564
23120641
23120646
23121509
23122121
23122552
23124211
23124676
23126634
23126721
23128439
23129751
23130024
23131045
23131789
23132039
23133077
23133656
23133941
23135315
23136113
23137954
23138469
23138816
23138922
23138978
23140221
23140611
23140613
23141438
23141458
23142186
23142549
23143106
23144758
23145021
23145113
23146010
23148575
23148864
23149670
23149718
23150269
23150982
23151619
23152203
23152395
23153689
23154459
23155915
23156690
23157980
23158144
23158649
23160172
23161330
23162223
23163150
23163540
23163658
23164411
23166072
23166126
