3432530
3432545
3433620
3433735
3433857
3433923
3434581
3434620
3434872
3434978
3435022
3435095
3435304
3435326
3435340
3435480
3435535
3435549
3435908
3436256
3436862
3436897
3437007
3437121
3437180
3437212
3437213
3437229
3437238
3438086
3438123
3438185
3438271
3438291
3438372
3438385
3438410
3438572
3438736
3438757
3438942
3438991
3439706
3439754
3439766
3439895
3439905
3439923
3439978
3440556
3440563
3440673
3440823
3441107
3441166
3441238
3441275
3441315
3441461
3441509
3441616
3441907
3442017
3442281
3442361
3442366
3442518
3442640
3442641
3442739
3442882
3442936
3443013
3443015
3443302
3443758
3443866
3444059
3444067
3444234
3444839
3444845
3444927
3444980
3445019
3445033
3445162
3445176
3445448
3445544
3445545
3446101
3446153
3446184
3446233
3446368
3446429
3446591
3446679
3446730
