7038743
7039334
7039357
7039688
7039832
7039871
7040410
7040589
7040664
7040805
7041652
7041864
7041998
7042110
7042331
7042763
7042961
7043015
7043044
7043118
7044090
7044290
7044430
7044484
7044543
7044562
7044563
7044725
7045144
7045727
7045807
7046098
7046123
7046630
7046706
7046944
7047121
7047500
7047864
7047874
7048260
7048716
7048982
7049521
7050019
7050085
7050207
7050465
7050496
7050577
7050689
7051194
7051831
7052013
7052065
7052133
7052315
7053362
7053436
7053849
7053871
7053898
7053987
7054003
7054384
7055191
7055232
7055371
7055512
7055541
7055819
7056368
7056381
7056690
7056770
7056779
7056988
7057056
7057506
7057507
7057935
7058125
7058297
7058787
7058868
7059015
7059167
7059620
7059927
7060046
7060328
7060417
7060591
7060953
7061085
7061872
7062270
7062330
7062634
7062663
