32201376
32203332
32205476
32206881
32208587
32210059
32210184
32212876
32215819
32216011
32217083
32217602
32218287
32218641
32218846
32218896
32219176
32219823
32220841
32221019
32221093
32221419
32221678
32223567
32224673
32225044
32225169
32226078
32226220
32226390
32229157
32230606
32230748
32230997
32231786
32232214
32238134
32239225
32239741
32240117
32240671
32241272
32245020
32245770
32245980
32246135
32246139
32247517
32247689
32249658
32249856
32253660
32253767
32253939
32254067
32254386
32256184
32257864
32257921
32259146
32260412
32262590
32266249
32268119
32269923
32270364
32271321
32272695
32272906
32273241
32273767
32274176
32275026
32276414
32277626
32277856
32282323
32282603
32285110
32285810
32287274
32288453
32290232
32293355
32294967
32297410
32299797
32300157
32300218
32304274
32309483
32309777
32310200
32312340
32315974
32317888
32320203
32320547
32320751
32322081
