3945449
3945721
3946202
3946395
3946749
3946886
3947006
3947038
3947172
3947357
3947361
3947395
3947404
3947476
3947581
3947630
3947783
3947821
3947841
3948059
3948326
3948852
3948887
3949045
3949387
3949789
3949961
3950174
3950179
3950281
3950324
3951235
3951626
3951630
3951689
3951773
3952186
3952266
3952359
3952380
3952630
3952716
3953924
3954088
3954117
3954124
3954423
3954532
3954686
3955045
3955064
3955190
3955374
3955377
3955381
3955444
3955449
3955686
3955770
3955966
3956164
3956174
3956341
3956348
3956536
3956553
3956876
3957173
3957193
3957223
3957464
3958363
3958724
3958795
3958825
3958893
3959330
3959592
3959673
3960186
3960282
3960382
3960460
3960481
3960681
3960996
3961272
3961611
3961971
3961988
3962312
3962339
3962437
3962815
3963131
3963233
3963295
3963348
3963380
3963435
