2779259
2779293
2779574
2779688
2779763
2779772
2779774
2779992
2780160
2780184
2780404
2780704
2780721
2781013
2781024
2781064
2781077
2781239
2781369
2781536
2781718
2781792
2781820
2781842
2781851
2781993
2782163
2782361
2782472
2782798
2782895
2782917
2782943
2783008
2783040
2783095
2783253
2783474
2783868
2783993
2784056
2784208
2784396
2784482
2784487
2784547
2784732
2784746
2784939
2785258
2785389
2785434
2785489
2785619
2785726
2785832
2785996
2786126
2786174
2786348
2786434
2786561
2786758
2786991
2787182
2787363
2787742
2787772
2787786
2787812
2787922
2787971
2787979
2788268
2788269
2788271
2788274
2788278
2788279
2788282
2788283
2788284
2788323
2788397
2788492
2788645
2788813
2788977
2789123
2789379
2789614
2789848
2790068
2790167
2790202
2790291
2790471
2790961
2791329
2791338
