4213749
4213917
4214009
4214165
4214431
4214434
4214589
4214610
4215134
4215153
4215562
4216056
4216165
4216264
4216424
4216439
4216546
4216636
4216689
4216718
4216750
4217178
4217244
4217285
4217294
4217432
4217648
4217898
4218018
4218025
4218063
4218115
4218420
4218487
4218725
4218767
4218792
4218934
4218998
4219229
4219291
4219455
4219720
4219891
4220223
4220236
4220261
4220378
4220490
4220571
4220663
4220952
4221042
4221086
4221236
4221238
4221296
4221351
4221374
4221506
4221673
4221691
4221915
4221983
4222001
4223037
4223050
4223125
4223249
4223252
4223254
4223256
4223257
4223326
4223421
4223442
4223605
4223615
4223703
4223773
4223774
4223784
4223787
4223987
4224396
4224615
4224629
4224727
4224772
4224773
4224833
4224956
4225134
4225337
4225642
4225696
4225862
4226123
4226240
4226754
