21070921
21071372
21071572
21072501
21074782
21074980
21075020
21075458
21075937
21076127
21076245
21076303
21076803
21077788
21078242
21078246
21079419
21079527
21079775
21079984
21080118
21080696
21081765
21081771
21082620
21082697
21082867
21082902
21083525
21086712
21086847
21086861
21087742
21088269
21088580
21090216
21090680
21092818
21094876
21096324
21096411
21097597
21097827
21098537
21098710
21100535
21101402
21101750
21102028
21102178
21102252
21103317
21103430
21103813
21104233
21104963
21106449
21106458
21107877
21108031
21109128
21110058
21111798
21112129
21112846
21114490
21115171
21116000
21119283
21120004
21120023
21120308
21121025
21121235
21123724
21123902
21125487
21126720
21126881
21127088
21127389
21128396
21130024
21130876
21131199
21132717
21134146
21134228
21134325
21135455
21137133
21137375
21138490
21138957
21139362
21139470
21139596
21139628
21140329
21140861
