40221109
40223649
40224341
40225981
40227596
40228585
40233545
40237376
40239341
40240082
40241232
40248001
40250124
40252298
40256817
40262321
40269152
40271700
40275072
40279710
40282182
40283604
40283801
40284752
40286624
40290406
40294464
40295695
40297760
40301012
40302972
40302983
40303676
40304173
40304255
40306233
40308242
40309197
40309235
40309429
40310091
40310264
40314017
40315376
40316893
40317079
40317790
40318369
40319265
40319321
40323189
40323292
40324256
40331579
40336281
40336392
40337770
40338485
40341129
40343462
40345472
40346430
40347378
40348159
40348954
40349196
40349807
40349957
40351597
40353453
40354703
40355423
40359176
40359230
40362024
40362127
40363495
40367650
40369558
40371412
40371498
40374021
40376146
40378986
40380492
40381337
40388571
40388588
40388616
40390154
40390676
40393030
40393482
40397221
40397306
40398086
40398377
40402546
40404520
40406782
