26553004
26553248
26553750
26555576
26559107
26559928
26561951
26563473
26563726
26565751
26565764
26567519
26570213
26570397
26570909
26573542
26575259
26577797
26578046
26578360
26581091
26582132
26583005
26583317
26583498
26585671
26586072
26588363
26588377
26589491
26590064
26590853
26592491
26593276
26594161
26594952
26595154
26597198
26597332
26597550
26601208
26603738
26605751
26607533
26608422
26610842
26613929
26614297
26615555
26616216
26616639
26619087
26619865
26620818
26623039
26623041
26629292
26629527
26630181
26630253
26631117
26631243
26631405
26632345
26633579
26634385
26635827
26637992
26638502
26640687
26640983
26642586
26642943
26643710
26646577
26647481
26647512
26650515
26653546
26654014
26654047
26655725
26655983
26657297
26657872
26658199
26658893
26659021
26659089
26659655
26661201
26661301
26661470
26661922
26662576
26662584
26665643
26665982
26667505
26669076
