2246230
2246235
2246267
2246368
2246398
2246559
2246742
2246954
2247063
2247175
2247201
2247286
2247548
2247559
2247570
2247614
2247626
2247659
2247954
2248078
2248112
2248157
2248293
2248320
2248397
2248486
2248913
2249029
2249317
2249687
2249820
2250020
2250025
2250101
2250114
2250178
2250187
2250200
2250303
2250348
2250356
2250379
2250501
2250598
2250604
2250651
2250726
2250733
2250788
2250791
2250808
2250852
2250915
2251147
2251244
2251327
2251414
2251694
2251846
2251887
2252187
2252216
2252424
2252836
2253035
2253261
2253384
2253635
2253638
2254001
2254165
2254197
2254275
2254310
2254400
2254455
2254505
2254573
2254713
2254972
2255110
2255181
2255598
2255687
2255812
2255850
2256182
2256183
2256206
2256351
2256614
2256674
2256685
2256705
2256812
2256828
2257045
2257112
2257173
2257193
