25191442
25191524
25191550
25192381
25193328
25193530
25194138
25194496
25196167
25196347
25197963
25198679
25202031
25202625
25204242
25204369
25205128
25205332
25205404
25205642
25208907
25209965
25210592
25211277
25212916
25213053
25213792
25214903
25215963
25221981
25222536
25226306
25227145
25227963
25228683
25231028
25232164
25232613
25233211
25234622
25235017
25235707
25237549
25241285
25242469
25246182
25246473
25248267
25249757
25249859
25249864
25251979
25256368
25256834
25257889
25258432
25260085
25260505
25264468
25265549
25266229
25266350
25271149
25271337
25275523
25275810
25276931
25278971
25279018
25280318
25280422
25280924
25282412
25282712
25283097
25283353
25284834
25287559
25291774
25295268
25298099
25300122
25300651
25300945
25301010
25301260
25302473
25302707
25303218
25303416
25303912
25304716
25304753
25305929
25308958
25308999
25309221
25310157
25310617
25311452
