7520080
7520105
7520578
7520649
7520799
7521271
7521341
7521643
7521704
7521918
7522130
7522272
7522337
7523312
7523461
7523817
7524679
7524889
7525469
7525580
7525657
7525978
7526464
7526872
7527039
7527051
7527157
7527528
7527639
7528149
7528384
7528395
7528534
7528922
7529024
7529103
7529148
7529151
7529716
7529819
7529962
7530124
7530202
7530309
7530629
7530896
7531338
7531988
7532002
7532032
7532227
7532583
7532785
7534028
7534319
7534470
7534852
7534904
7535030
7535162
7535517
7535614
7536030
7536072
7537109
7537306
7537397
7537712
7538456
7539253
7539828
7539843
7540243
7540439
7540916
7540957
7541349
7541615
7541737
7541803
7541835
7541893
7542470
7542670
7543253
7543330
7543389
7543425
7543530
7543635
7544079
7544245
7544781
7544854
7545298
7545361
7545437
7545770
7546058
7546162
