706976
707273
707700
707711
707795
708000
708041
708172
708223
708263
708300
708417
708526
708534
708635
708711
708850
708858
708965
709065
709142
709145
709219
709276
709863
710127
710197
710352
710360
710390
710396
710435
710458
710517
710633
710685
710718
710986
710991
711155
711185
711219
711349
711491
711757
711936
712205
712241
712351
712402
712441
712577
712611
712847
713063
713194
713293
713389
713848
714321
714581
714617
714642
714709
714732
714754
714764
715299
715486
715582
715597
715656
715727
715764
715769
715912
716125
716359
716369
716407
716414
716618
716634
716649
716733
716829
716971
717092
717095
717178
717257
718112
718472
718480
718823
718827
718916
719018
719092
719516
