29335792
29336711
29337302
29338058
29339694
29341839
29342749
29343438
29343932
29345468
29346407
29347075
29347186
29348458
29349037
29349715
29350949
29354341
29354776
29359019
29363087
29365999
29366106
29368120
29368997
29369080
29369908
29370183
29370528
29371307
29371670
29371763
29373585
29374356
29375139
29376554
29376723
29377661
29378330
29378468
29379784
29381618
29383587
29384445
29385420
29385814
29387050
29387830
29387907
29390729
29391239
29392569
29395709
29395822
29396350
29397041
29397890
29399910
29402621
29402776
29403191
29403202
29403621
29405446
29405804
29406946
29409276
29409942
29411862
29414312
29414516
29414898
29415078
29416621
29416624
29416669
29416787
29417736
29418165
29421590
29422197
29424120
29424203
29424818
29428156
29434416
29435286
29435697
29436577
29445623
29447637
29447702
29448723
29449988
29452469
29454528
29455203
29458814
29463802
29464452
