13597883
13598294
13598898
13598974
13599031
13599243
13599828
13599869
13601089
13601113
13603002
13605439
13605996
13606187
13607528
13607987
13608713
13609136
13609674
13609923
13611620
13612139
13614028
13615319
13615360
13616248
13616561
13616790
13617006
13617164
13617195
13617382
13617922
13619204
13619683
13619765
13619911
13620093
13620292
13620622
13621425
13621603
13622050
13622406
13622543
13623812
13624195
13624818
13625081
13626310
13626385
13627360
13628260
13628701
13629482
13629682
13629722
13630288
13630374
13630425
13630673
13630732
13630967
13631187
13631883
13631984
13632044
13632367
13632612
13632646
13634842
13635092
13635295
13635821
13636192
13636365
13637649
13637699
13637705
13637892
13637972
13639119
13639383
13639420
13639863
13640223
13641248
13641821
13643041
13643082
13645398
13647209
13648639
13649304
13651009
13651781
13651887
13652735
13652737
13652851
