12886627
12888455
12888631
12888806
12889156
12889250
12889818
12890544
12891551
12893137
12893154
12893596
12893634
12894347
12894604
12895539
12896582
12896944
12897206
12897489
12898063
12898226
12899282
12899318
12899693
12899904
12901065
12901774
12903907
12904233
12904418
12904989
12905601
12905644
12905937
12906508
12906646
12907326
12907448
12907755
12908213
12908620
12909168
12909352
12909510
12909579
12909635
12910211
12911178
12911533
12911644
12912168
12913346
12913449
12914378
12914719
12914758
12914958
12916106
12917029
12917121
12917369
12917381
12917852
12918535
12918673
12919174
12919649
12920042
12920477
12921503
12921583
12922784
12923757
12923846
12923890
12924597
12924683
12925119
12925528
12925549
12926266
12926604
12927564
12927603
12928183
12928658
12929114
12929573
12929612
12930063
12932092
12932788
12935001
12935838
12936208
12936353
12937739
12938421
12939467
