19868418
19870290
19871402
19871461
19872432
19872846
19873335
19874775
19875814
19877549
19878493
19879216
19881968
19882432
19882521
19882570
19883476
19883980
19887483
19887684
19888159
19888639
19889327
19889351
19889488
19889782
19890132
19890451
19890535
19891236
19891380
19892409
19892890
19893300
19894177
19894334
19894866
19895265
19895312
19895447
19895857
19895923
19896680
19896701
19897116
19898271
19898606
19899148
19899302
19901005
19902617
19902804
19904145
19904905
19907949
19908466
19909702
19909828
19913007
19914325
19915030
19915403
19915846
19915998
19916299
19916923
19917268
19917347
19918450
19918482
19918826
19918905
19919166
19919911
19920928
19921033
19921211
19921444
19921542
19921745
19923423
19924287
19925189
19926422
19926498
19928170
19928396
19928594
19929487
19929862
19930713
19930798
19931032
19931384
19931708
19932057
19932964
19933401
19933804
19934150
