33864341
33866195
33866454
33867210
33867578
33868010
33868816
33869781
33871375
33873228
33875187
33879296
33881193
33883908
33884272
33889485
33889490
33890355
33891304
33891555
33894498
33899185
33899548
33900226
33900620
33901987
33902240
33902523
33904230
33904909
33906367
33908728
33914165
33914193
33920055
33920848
33923341
33923418
33925248
33927381
33927833
33928047
33928281
33929894
33932884
33934226
33934435
33934741
33934859
33938163
33938428
33939188
33940226
33943404
33943892
33945466
33946572
33946660
33949466
33949828
33950449
33954751
33954968
33955135
33957443
33958890
33959613
33962897
33963432
33964222
33964681
33967741
33971363
33972347
33972822
33975191
33976433
33977967
33978999
33979316
33985755
33986139
33986763
33987435
33990079
33990490
33994247
33994292
33996622
33998334
34002410
34003322
34004391
34004871
34005473
34005937
34008197
34010572
34013005
34016772
