1092567
1092699
1092737
1092827
1093082
1093117
1093132
1093369
1093609
1094235
1094286
1094289
1094394
1094450
1094696
1094856
1094897
1095218
1095235
1095522
1095589
1095596
1095621
1095623
1095630
1095775
1095782
1095807
1095830
1095972
1096108
1096122
1096142
1096316
1096332
1096398
1096459
1096468
1096534
1096695
1096711
1096765
1096773
1096786
1096842
1096884
1096983
1097108
1097147
1097174
1097216
1097232
1097242
1097521
1097525
1097616
1097663
1097669
1097744
1097808
1097932
1097969
1097981
1098074
1098110
1098143
1098146
1098216
1098306
1098420
1098436
1098455
1098596
1098642
1098652
1098722
1098806
1098894
1098961
1098965
1099002
1099077
1099117
1099164
1099250
1099332
1099354
1099359
1099389
1099469
1099871
1099875
1099903
1099957
1100017
1100059
1100082
1100204
1100486
1100558
