10529925
10530081
10530102
10530908
10530960
10531490
10531619
10531748
10532074
10532449
10533100
10534224
10534531
10535033
10535177
10535265
10535923
10536095
10537152
10537159
10537252
10537418
10537628
10537812
10537910
10537922
10538066
10538673
10538750
10539118
10539288
10540651
10541634
10541771
10542142
10542519
10544472
10544958
10545601
10546973
10547590
10547737
10547850
10548722
10548750
10548756
10549082
10549740
10549942
10550205
10550992
10551141
10552718
10553101
10553701
10553718
10553934
10554351
10554528
10554536
10555099
10555246
10555275
10555389
10556525
10556761
10556828
10556928
10558376
10558842
10558918
10559086
10559517
10559838
10559868
10560539
10560804
10560982
10561014
10561518
10561877
10561961
10562204
10562288
10562348
10562908
10563027
10563309
10563714
10564091
10564814
10564852
10565032
10565112
10565596
10565893
10566050
10566449
10566914
10567243
