3242576
3242696
3242912
3242983
3243196
3243321
3243327
3243331
3243338
3243363
3243366
3243371
3243385
3243447
3243746
3243810
3243811
3243814
3243820
3243825
3243871
3243935
3244086
3244112
3244175
3244254
3244617
3244681
3244732
3244758
3244827
3244940
3244958
3245051
3245152
3245249
3245320
3245328
3245415
3245429
3245642
3245650
3246088
3246494
3246558
3246642
3246676
3247040
3247065
3247425
3247573
3247599
3248056
3248067
3248428
3248460
3248530
3248672
3248731
3248792
3248861
3249047
3249070
3249135
3249155
3249414
3249598
3249966
3250652
3250875
3251005
3251020
3251283
3251348
3251415
3251569
3251584
3251647
3251649
3251846
3251989
3252097
3252148
3252236
3252246
3252270
3252301
3252344
3252429
3252676
3252880
3253122
3253224
3253267
3253529
3253648
3253974
3254087
3254520
3254791
