2746310
2746367
2746380
2746447
2746453
2746458
2746501
2746509
2746518
2746533
2746628
2746748
2746906
2746940
2747039
2747269
2747428
2747546
2747614
2747729
2747951
2747991
2748035
2748038
2748039
2748040
2748042
2748044
2748047
2748049
2748050
2748051
2748052
2748055
2748058
2748063
2748064
2748065
2748069
2748089
2748124
2748154
2748269
2748281
2749085
2749114
2749132
2749134
2749140
2749141
2749145
2749147
2749149
2749152
2749153
2749156
2749157
2749165
2749166
2749171
2749208
2749364
2749445
2749478
2749600
2749747
2750077
2750245
2750561
2750727
2750736
2750821
2750945
2751338
2751417
2751474
2751517
2751609
2751610
2751940
2751946
2751983
2752044
2752289
2752302
2752388
2752395
2752536
2752625
2752663
2752668
2752971
2753008
2753221
2753251
2753595
2753742
2753818
2753871
2754469
