16672735
16673620
16673763
16674503
16675105
16675513
16675537
16676981
16677440
16678442
16679241
16679577
16680644
16681282
16681667
16684026
16684844
16684856
16684994
16685355
16686132
16686876
16687138
16689684
16690088
16690190
16690802
16691188
16691955
16692328
16693298
16693341
16693718
16694298
16694920
16695130
16695288
16696854
16696953
16697073
16697160
16697420
16697536
16698029
16698335
16698345
16698500
16699368
16699751
16699752
16699859
16700077
16700567
16700584
16701444
16702632
16702993
16703476
16704120
16704259
16704739
16705490
16706433
16707311
16707353
16707411
16707956
16708191
16708333
16709212
16709927
16710674
16711171
16711488
16711878
16713417
16713910
16714625
16715064
16715289
16715390
16715613
16715669
16716034
16716629
16717355
16720516
16722469
16723247
16723983
16725642
16727297
16727598
16727802
16728160
16729007
16729139
16729661
16730844
16731222
