2556319
2556420
2556429
2556498
2556517
2556522
2556961
2557180
2557262
2557483
2557492
2557515
2557595
2557620
2557797
2557958
2558287
2558512
2558528
2558756
2558768
2559476
2559817
2559850
2560116
2560156
2560360
2560382
2560447
2560737
2560739
2560741
2560869
2561012
2561091
2561307
2561357
2561555
2561579
2561879
2562023
2562196
2562602
2562604
2562738
2562976
2563184
2563206
2563211
2563224
2563369
2563380
2563534
2563699
2563781
2563893
2564046
2564411
2564450
2564736
2564829
2565005
2565182
2565400
2565560
2565589
2565711
2565897
2565940
2566135
2566171
2566231
2566462
2566720
2566871
2566908
2566917
2566963
2567006
2567345
2567381
2567515
2568070
2568160
2568177
2568330
2568376
2568836
2568980
2569030
2569035
2569058
2569534
2569557
2569777
2569876
2569898
2570243
2570549
2570604
