12697524
12697594
12697959
12698950
12699086
12701459
12702793
12703400
12703596
12703848
12704389
12704392
12704422
12704444
12704453
12704454
12704460
12704462
12704472
12704476
12704480
12704484
12704489
12704495
12704506
12704522
12704725
12705136
12705336
12705972
12706133
12706139
12706140
12706150
12706157
12706159
12706160
12706191
12706204
12706206
12706218
12706220
12706227
12706244
12706246
12706249
12706794
12706925
12707177
12707738
12707872
12708055
12708553
12709167
12709527
12709565
12709850
12709914
12710676
12710784
12711115
12711642
12711691
12712336
12713728
12713792
12714329
12714527
12715068
12715144
12716530
12716562
12716584
12717797
12718532
12718720
12719173
12719982
12720114
12720368
12721092
12721139
12721609
12722045
12722440
12722661
12723213
12723650
12723831
12724323
12725923
12726017
12726068
12726344
12726391
12726907
12729430
12729584
12729620
12729742
