6924451
6924531
6925242
6925426
6925445
6925621
6925646
6925871
6926135
6926261
6926562
6926936
6927219
6927452
6927935
6928663
6928711
6928788
6929358
6929833
6930515
6930851
6931427
6931509
6931559
6931823
6932622
6932714
6932944
6933507
6933602
6933663
6933812
6933924
6934181
6934572
6934831
6936154
6936543
6936586
6936977
6937034
6937601
6938253
6938303
6938316
6938373
6938717
6939334
6940877
6941103
6941146
6941310
6941489
6942008
6942112
6942220
6942716
6942755
6942849
6942886
6943938
6944716
6944914
6945002
6945278
6945466
6945635
6946204
6946482
6946637
6946645
6947280
6947672
6947806
6948384
6948967
6949073
6949499
6949846
6950016
6950082
6950588
6950730
6952292
6952604
6953071
6953109
6953404
6954169
6954179
6954466
6954712
6954827
6955333
6955404
6956218
6956413
6956621
6956853
