27927954
27932591
27932977
27934845
27935459
27938529
27939118
27939183
27941418
27941906
27943791
27944815
27945809
27945853
27946247
27948250
27948922
27949255
27950999
27952484
27953504
27953789
27954327
27955519
27955991
27956063
27956309
27957489
27958836
27959267
27959650
27960324
27960571
27960710
27962900
27964468
27965628
27965845
27968229
27968651
27968818
27970682
27971285
27971403
27974280
27974736
27974811
27975128
27976493
27976586
27978493
27978985
27979017
27980815
27981978
27982933
27983064
27983254
27983564
27984488
27985570
27986438
27987507
27990156
27992067
27992587
27992805
27993757
27995237
27997669
27997794
27998787
28000138
28000155
28001802
28001807
28003753
28006231
28008463
28008507
28008641
28009465
28010389
28013016
28015196
28016863
28017164
28017716
28018814
28020401
28020452
28021462
28022248
28024207
28025487
28025882
28027182
28027418
28028659
28031151
