11751481
11751523
11752367
11752457
11752536
11753039
11753532
11753909
11754637
11755914
11757728
11758353
11758920
11759083
11759640
11760406
11760986
11761630
11762399
11762430
11762740
11763328
11763340
11763463
11763530
11763584
11763702
11765243
11766623
11767314
11767325
11767751
11769135
11769300
11769767
11770086
11770160
11770189
11770246
11770284
11770324
11772199
11772348
11772915
11773031
11773394
11773542
11774178
11774202
11774641
11774761
11775517
11775721
11776229
11777144
11777185
11777513
11778340
11778476
11780680
11781119
11781938
11782246
11782644
11783120
11783418
11783689
11783946
11784113
11784857
11785289
11785686
11785896
11786063
11786211
11786324
11789464
11789565
11789684
11791749
11792607
11792848
11793103
11793733
11794137
11794336
11794764
11794966
11795277
11795482
11795540
11796242
11796489
11796778
11797152
11797346
11798221
11798421
11798464
11798645
