1820816
1820855
1821041
1821047
1821338
1821910
1822073
1822281
1822297
1822320
1822548
1822670
1822707
1822780
1822911
1823219
1823303
1823853
1823887
1823934
1824006
1824055
1824106
1824128
1824458
1824576
1824707
1824725
1824855
1824959
1825292
1825458
1825561
1825648
1825704
1825780
1825792
1825884
1825893
1825931
1826043
1826060
1826118
1826178
1826369
1826682
1827010
1827296
1827474
1827566
1827601
1827605
1827684
1827922
1827974
1828070
1828173
1828573
1828866
1828891
1829065
1829121
1829144
1829390
1829555
1829715
1829885
1829914
1830393
1830540
1830732
1830906
1831628
1831721
1831784
1831865
1831986
1832019
1832354
1832428
1832464
1832563
1832738
1832883
1833061
1833066
1833091
1833127
1833208
1833227
1833276
1833337
1833361
1833392
1833393
1833520
1833636
1833731
1833909
1834036
