4650692
4650693
4650767
4650817
4650824
4650861
4651165
4651266
4651347
4651613
4651754
4652037
4652055
4652059
4652765
4653034
4653061
4653349
4653435
4653778
4653822
4654022
4654660
4655436
4655497
4655541
4655853
4655856
4655896
4656194
4656298
4656495
4656570
4656667
4656853
4657246
4657298
4657361
4657608
4657991
4658047
4658088
4658444
4658510
4658788
4658829
4659130
4659361
4659650
4659867
4659965
4660198
4660266
4660336
4660389
4660482
4660742
4660858
4660880
4660896
4661009
4661016
4661023
4661206
4661354
4661437
4661516
4661655
4661950
4662303
4662369
4662622
4662686
4663319
4663584
4663704
4663715
4663873
4664036
4664159
4664171
4664551
4664828
4665026
4665139
4665362
4665553
4666018
4666346
4666349
4666362
4666367
4666568
4666885
4666976
4667093
4667321
4667425
4667583
4668177
