16790524
16790789
16791202
16791267
16791525
16792806
16793238
16793948
16794576
16795014
16795853
16796020
16796129
16796955
16797356
16797667
16797859
16798267
16798870
16799132
16802146
16802491
16802948
16803198
16803534
16803988
16804051
16805290
16805775
16806041
16806764
16807231
16807570
16807628
16809041
16809195
16809379
16809395
16809610
16810789
16810822
16811031
16811495
16812032
16812677
16812828
16813472
16814090
16816991
16818094
16818776
16819112
16819626
16821257
16821652
16822361
16822582
16822926
16823069
16823316
16823984
16824283
16824475
16825310
16825484
16825558
16825633
16825671
16825754
16826654
16826752
16826761
16827316
16827377
16827513
16828637
16829272
16829916
16831171
16831303
16831563
16831614
16832221
16832857
16833601
16833602
16835127
16836279
16836773
16836806
16836814
16838047
16838128
16838367
16839156
16839194
16840636
16840756
16841278
16841334
