28148595
28149438
28150030
28150554
28150558
28151939
28153907
28154563
28155920
28155992
28158183
28162432
28162458
28162777
28165127
28167797
28168383
28169368
28169657
28173888
28174385
28177584
28179011
28179718
28181135
28181664
28182151
28184348
28185122
28186144
28186883
28193338
28193652
28194978
28195925
28199015
28199075
28200512
28201745
28203338
28204361
28204860
28206267
28207083
28207721
28207840
28207842
28208586
28209015
28210164
28210241
28211656
28212423
28213866
28215058
28218466
28219501
28220361
28220509
28224220
28231807
28234374
28236456
28237754
28238103
28240812
28240912
28241399
28241804
28242100
28244044
28244556
28244610
28245497
28245686
28247379
28248706
28249080
28249093
28249567
28251081
28251775
28251796
28251992
28252828
28256602
28256896
28257793
28257877
28260478
28263204
28263982
28267596
28269480
28271758
28273553
28275261
28277935
28279733
28280350
