16617916
16618303
16618882
16619214
16619359
16620352
16620865
16620886
16621047
16622180
16622733
16622912
16623067
16624298
16625563
16626788
16626991
16628704
16628930
16629274
16630473
16630639
16633234
16633561
16634105
16634497
16635006
16635008
16635178
16635706
16635762
16635836
16635859
16636017
16636231
16637330
16637517
16637802
16639458
16639551
16640905
16641088
16641842
16642474
16643587
16643771
16643829
16644446
16645220
16645311
16645437
16646983
16647212
16647362
16648353
16649147
16649363
16650946
16651961
16652057
16652079
16652450
16653571
16653867
16655912
16655937
16656150
16656438
16656972
16657359
16657643
16657666
16658055
16658182
16658972
16660704
16661372
16661707
16662187
16663492
16663497
16663590
16665023
16665523
16666557
16666735
16666999
16667121
16667851
16667864
16668271
16668899
16669012
16669253
16669279
16669453
16669886
16671461
16671917
16672359
