233689
233711
233942
234198
234304
234416
234543
234612
234623
234688
234731
234800
234836
234878
235041
235187
235906
236335
236356
236404
236483
237191
237216
237285
237380
237421
237451
237469
237515
237582
237583
237672
237706
237744
237749
237767
237857
237927
237935
237995
238210
238306
238659
238793
238865
239098
239160
239357
239943
240249
240383
240405
240581
240653
240659
240672
240697
240701
240840
241100
241108
241282
241331
241341
241419
241499
241537
241642
241681
241934
241983
242106
242114
242150
242590
242669
242919
243156
243419
243487
243499
243848
243857
243944
244005
244076
244087
244267
244378
244514
244519
244670
244755
244757
244891
244895
244966
245012
245054
245109
