24888828
24890066
24890095
24890129
24890470
24890647
24891444
24892359
24892422
24892848
24892972
24895013
24895222
24895704
24896217
24897524
24898833
24899046
24900515
24900652
24901003
24902367
24903527
24903980
24904044
24904655
24906601
24950987
24951577
24953792
24954056
24957661
24958886
24959600
24960810
24962770
24962985
24963991
24973020
24985479
24996890
25006861
25018212
25018859
25019438
25019824
25025433
25026058
25026863
25028501
25029083
25030656
25032109
25034183
25034265
25037044
25037125
25037590
25040763
25041895
25043392
25044417
25044799
25044954
25046337
25048267
25050061
25050607
25051956
25053502
25053633
25055151
25055781
25056471
25057014
25059550
25059842
25060430
25060861
25061210
25061632
25062296
25064259
25065350
25066996
25069165
25070235
25072846
25073498
25073687
25074304
25076551
25076947
25078045
25079936
25082715
25082907
25084056
25084101
25085310
