11225905
11226214
11226322
11226662
11226922
11227034
11227592
11227848
11228328
11228373
11228853
11229062
11229480
11229633
11229671
11230064
11230275
11230400
11230659
11231236
11231797
11231958
11232026
11232556
11233639
11233670
11233790
11233813
11233952
11234061
11234141
11234583
11234585
11235160
11235841
11236373
11237113
11237735
11238160
11238385
11239302
11239339
11239840
11240703
11242296
11243123
11244502
11245092
11246043
11246186
11246763
11246909
11247150
11247452
11248460
11248838
11248914
11249238
11250359
11250404
11250763
11251240
11251682
11251835
11252382
11252487
11252833
11253340
11253386
11253785
11254015
11254218
11254254
11255110
11255667
11255849
11256092
11256617
11256704
11256762
11256931
11256995
11257745
11257921
11258034
11258098
11258738
11259252
11259557
11259615
11259723
11259854
11260078
11260508
11260519
11261095
11261203
11261700
11261760
11262370
