21734769
21735976
21736531
21736797
21736973
21737094
21737441
21739002
21739527
21739937
21740632
21741509
21741548
21742675
21742732
21743388
21743616
21744106
21745230
21745963
21746133
21747924
21749756
21749975
21750828
21753989
21755090
21756864
21757914
21758138
21758184
21758814
21759140
21760341
21761328
21761369
21761949
21761998
21762356
21763128
21765127
21767193
21767505
21768171
21768992
21769145
21769394
21769865
21770078
21770617
21770776
21772457
21776243
21778593
21779332
21779415
21780004
21782974
21784224
21784976
21785007
21785014
21785189
21786274
21786501
21786580
21786675
21787279
21788221
21788647
21788965
21791567
21792384
21792708
21793405
21794737
21796276
21796516
21797040
21797169
21797580
21797705
21798617
21798846
21799379
21799830
21800876
21801031
21801066
21802482
21803251
21803386
21805544
21806558
21807813
21808397
21808846
21809053
21809374
21810462
