15298278
15298325
15298547
15298556
15298655
15298660
15300518
15300633
15301673
15302643
15302771
15302872
15302976
15304191
15304522
15304634
15305258
15305681
15306150
15307455
15307832
15308127
15309978
15310566
15310943
15311129
15311226
15311316
15312854
15313690
15313827
15314801
15316675
15317300
15317714
15318703
15320565
15321067
15323985
15324463
15324491
15324631
15325202
15325437
15325438
15325582
15325872
15325875
15326393
15327019
15327061
15327153
15327167
15328538
15329495
15329563
15329852
15330525
15330650
15330780
15330893
15331122
15331712
15331965
15332922
15333340
15334992
15335545
15336506
15336964
15337696
15338867
15340080
15340283
15340532
15340618
15340836
15340907
15341109
15341886
15342849
15343479
15344353
15348136
15350177
15350520
15350895
15351582
15352028
15354866
15354961
15356499
15356558
15356784
15357120
15357951
15358201
15359274
15359692
15359734
