1854486
1854508
1854545
1854746
1854946
1855079
1855131
1855321
1855379
1855565
1855646
1855683
1855775
1855803
1856032
1856036
1856052
1856187
1856220
1856287
1856307
1856392
1856397
1856730
1856786
1857085
1857091
1857405
1857492
1857507
1857568
1857642
1857647
1858070
1858378
1858521
1858552
1858590
1858660
1858836
1858844
1858984
1859220
1859349
1859481
1859701
1859758
1859801
1859825
1859942
1860040
1860112
1860140
1860247
1860322
1860402
1860691
1860708
1860748
1860832
1860895
1860912
1861136
1861310
1861512
1861519
1861552
1861603
1861668
1861915
1862166
1862442
1862566
1862639
1862774
1862876
1862903
1863092
1863199
1863202
1863265
1863390
1863618
1863638
1863640
1863645
1863700
1863732
1863825
1863876
1863883
1863985
1864149
1864326
1864346
1864586
1864620
1864633
1864659
1864838
