921859
921873
921905
922186
922264
922419
922460
922495
922585
922660
922730
922736
922739
922837
923081
923265
923328
923433
923535
923580
923677
923775
923867
923871
923953
924002
924018
924199
924229
924311
924400
924546
924750
924752
924774
925064
925101
925146
925219
925246
925306
925365
925446
925529
925542
925609
925815
925951
925963
925983
926016
926172
926187
926221
926225
926244
926283
926349
926397
926513
926555
926843
926917
927076
927128
927135
927248
927254
927372
927452
927576
927614
928268
928403
928470
928561
928819
928977
929122
929135
929195
929248
929291
929317
929376
929400
929520
929521
929534
929871
929872
930009
930024
930294
930543
930744
930779
930902
930936
931019
