1670998
1671118
1671182
1671231
1671260
1671266
1671351
1671409
1671416
1671499
1671579
1671597
1671755
1671792
1671832
1671837
1671928
1672028
1672049
1672086
1672093
1672130
1672179
1672208
1672285
1672290
1672325
1672351
1672419
1672443
1672445
1672502
1672583
1672591
1672656
1672792
1672972
1673030
1673061
1673151
1673284
1673470
1673515
1673550
1673594
1673830
1673998
1674143
1674153
1674275
1674324
1674364
1674390
1674397
1674415
1674418
1674520
1674534
1674560
1674575
1674800
1675023
1675298
1675373
1675523
1675608
1675713
1675719
1675905
1676085
1676259
1676292
1676421
1676468
1676481
1676532
1676535
1676728
1676734
1676827
1676984
1676989
1677135
1677186
1677291
1677322
1677373
1677532
1677769
1677802
1677947
1678139
1678484
1678606
1678620
1678769
1678771
1678789
1678797
1678924
