7294288
7294407
7294741
7294771
7294850
7294912
7295267
7295275
7295635
7295662
7295702
7295999
7296062
7296168
7296188
7296384
7296554
7296701
7297216
7297805
7298023
7298047
7298250
7298395
7298450
7298559
7298568
7298597
7299082
7299110
7299393
7299737
7299754
7299806
7299860
7300017
7300107
7300168
7300615
7300679
7300860
7300913
7301381
7301741
7301812
7302017
7302291
7302471
7302568
7302570
7302839
7303344
7304142
7304276
7304431
7304493
7304847
7305144
7305195
7305627
7305636
7305713
7305917
7306266
7306507
7306787
7306828
7307697
7307772
7307837
7307994
7308105
7308305
7308315
7308714
7308731
7308783
7309106
7309139
7309309
7309317
7309851
7309920
7310022
7310221
7310452
7310538
7310609
7310811
7311348
7311869
7311908
7312223
7312229
7312235
7312242
7312357
7312566
7312891
7313087
