5259478
5259542
5259739
5259886
5259970
5260121
5260504
5260680
5260685
5260693
5260777
5260830
5260860
5260938
5260957
5261229
5261329
5261334
5261523
5261606
5261927
5262113
5262155
5262205
5262315
5262393
5262624
5262657
5263161
5263518
5263539
5263667
5263736
5263863
5264219
5264267
5264378
5264736
5264747
5264802
5264905
5264907
5264940
5264946
5265053
5265216
5265261
5265339
5265402
5265687
5265943
5266046
5266152
5266335
5266394
5266744
5266827
5266960
5266963
5267034
5267458
5267636
5267918
5268353
5268629
5268632
5268735
5268848
5269139
5269259
5269331
5269608
5270139
5270182
5270199
5270376
5270641
5270754
5271088
5271128
5271332
5271566
5271850
5272391
5272427
5272788
5272912
5272967
5273003
5273028
5273036
5273160
5273170
5273278
5273339
5273478
5273517
5273538
5273603
5273775
