9857641
9858623
9859170
9859317
9860000
9860605
9860607
9860923
9861147
9861468
9861663
9861961
9862021
9862074
9862202
9862436
9863212
9863384
9863632
9864023
9864130
9864258
9864533
9864901
9865354
9866017
9866347
9866456
9866469
9866982
9867266
9867999
9868821
9869191
9869428
9869522
9870301
9870626
9871534
9871726
9871876
9872292
9873235
9873357
9873398
9873615
9873651
9873679
9874121
9874451
9874608
9874841
9876087
9876161
9876552
9876602
9876680
9878299
9878855
9879365
9880079
9880193
9880529
9880736
9881054
9881065
9881761
9881901
9882181
9882827
9883414
9885171
9885184
9885621
9885678
9885748
9886262
9886735
9887279
9887284
9888384
9889002
9889373
9889383
9889404
9889724
9890192
9891012
9891272
9891484
9891994
9892230
9892478
9894046
9894696
9894803
9894947
9895034
9895136
9895922
