4842981
4842982
4843175
4844222
4844418
4844467
4844631
4844649
4844715
4844957
4845007
4845010
4845036
4845311
4845390
4845462
4845768
4845789
4845878
4845891
4845926
4845936
4846087
4846269
4846278
4846349
4846382
4846671
4846777
4846839
4846900
4847118
4847297
4847342
4847606
4848123
4848337
4848527
4848615
4848722
4848731
4848753
4848941
4849236
4849442
4849502
4849694
4849902
4850121
4850636
4850680
4850683
4850912
4850992
4851129
4851186
4851296
4851437
4851772
4852049
4852101
4852251
4852273
4852313
4852457
4852543
4852669
4852746
4853266
4853872
4853957
4854069
4854075
4854127
4854272
4854378
4854451
4854458
4854483
4854552
4855065
4855074
4855508
4855724
4855797
4855824
4856087
4856328
4856355
4856431
4856478
4856503
4856507
4856528
4856543
4856804
4856869
4857152
4857396
4858412
