7356266
7356408
7356477
7356506
7356573
7356695
7356727
7356928
7357059
7357121
7357158
7357723
7358450
7358493
7359134
7359293
7359586
7359628
7359854
7360131
7360162
7360220
7360227
7360246
7360328
7360359
7360987
7361201
7361278
7361413
7361461
7361912
7361965
7362267
7362382
7362546
7362767
7362912
7363013
7363294
7363329
7363422
7363494
7363646
7363897
7364000
7364037
7364071
7364290
7364326
7364610
7364661
7364781
7365028
7365052
7365760
7365795
7365917
7366015
7366059
7366449
7366499
7366675
7367293
7367946
7368533
7368612
7368850
7368896
7368944
7369132
7370163
7370309
7370471
7370489
7370602
7370623
7371033
7371264
7371330
7371610
7371997
7372295
7372677
7372736
7373054
7373446
7373698
7373726
7374082
7374168
7374513
7374619
7375005
7375059
7375477
7375746
7375863
7376316
7376423
