5921102
5921209
5921254
5921918
5922033
5922090
5922181
5922260
5922428
5922454
5922670
5922918
5922981
5923243
5923457
5923532
5923749
5923840
5923936
5924140
5924154
5924181
5924737
5924757
5926059
5926072
5926245
5926246
5926321
5926614
5926876
5927209
5927430
5927680
5927685
5927937
5928037
5928089
5928182
5928242
5928250
5928338
5928384
5928486
5928703
5929110
5929133
5929246
5930072
5930353
5930412
5930707
5930719
5930721
5930849
5931017
5931407
5931498
5931523
5931659
5931721
5931747
5931868
5932729
5932730
5932757
5933135
5933386
5933801
5933971
5934343
5934778
5934959
5934985
5935134
5935160
5935261
5935509
5935544
5936020
5936216
5936322
5936458
5936646
5937066
5937126
5937189
5937255
5937466
5937538
5937558
5937560
5937628
5937659
5937811
5938426
5938470
5938700
5938815
5938819
