3857139
3857652
3857854
3857919
3858272
3858495
3858607
3858633
3858682
3858765
3858883
3859805
3859884
3860094
3860296
3860354
3860693
3860804
3860823
3860824
3860828
3860831
3860955
3860965
3860978
3861164
3862403
3862439
3862566
3862919
3863305
3863513
3863674
3863784
3863867
3864011
3864530
3864863
3865161
3865181
3865200
3865561
3865596
3865932
3866023
3866041
3866131
3866901
3867548
3868236
3868257
3868341
3868375
3868613
3869131
3869593
3869914
3869975
3870009
3870216
3870311
3870371
3870897
3870984
3871031
3871131
3871210
3871366
3871841
3871850
3872313
3872595
3872639
3872904
3872950
3873198
3873226
3873688
3874111
3874189
3874366
3874532
3874626
3874729
3875156
3875300
3875387
3875450
3875467
3875620
3875972
3876531
3876769
3876899
3877081
3877404
3878018
3878043
3878338
3878378
