16498669
16499166
16499199
16499335
16499447
16499464
16499472
16499599
16501427
16502230
16502508
16503351
16503416
16504099
16504519
16505654
16506155
16506390
16506823
16506915
16507330
16507550
16508244
16508481
16508623
16510119
16510688
16511145
16511767
16511891
16512093
16512169
16512798
16513520
16515217
16516050
16516483
16516924
16517887
16518193
16519205
16520463
16520779
16520827
16521588
16521917
16524581
16526251
16526294
16526950
16526961
16527343
16528018
16530364
16530442
16532656
16533125
16533466
16533473
16534265
16535069
16535594
16535729
16535943
16536188
16536340
16537160
16537351
16537502
16539052
16539294
16539480
16539912
16540499
16541441
16541521
16541561
16543718
16544269
16544855
16544871
16545059
16545126
16546580
16546820
16548772
16550325
16551525
16552064
16552219
16552514
16553048
16553064
16553763
16553975
16554749
16555579
16556149
16556429
16557715
