2039227
2039269
2039276
2039502
2039698
2039899
2039998
2040005
2040061
2040233
2040373
2040521
2040580
2040938
2041173
2041573
2041718
2041869
2041915
2042054
2042697
2042698
2042766
2042800
2042836
2042955
2043205
2043222
2043514
2043630
2043913
2043923
2043988
2044037
2044072
2044077
2044199
2044236
2044413
2044492
2044663
2044910
2044923
2044989
2045083
2045153
2045157
2045213
2045333
2045450
2045480
2045751
2045760
2045899
2046023
2046364
2046458
2046543
2046552
2046735
2046741
2046903
2046916
2046972
2047086
2047143
2047287
2047510
2047712
2047840
2048470
2048477
2048667
2048751
2048910
2048974
2049076
2049296
2049364
2049706
2049733
2049792
2049877
2049942
2049948
2050140
2050288
2050400
2050485
2050591
2050744
2050801
2050818
2051282
2051348
2051438
2051464
2051594
2051711
2051716
