17921527
17921785
17921972
17923699
17923772
17924445
17924457
17924996
17925771
17926770
17926929
17926980
17927625
17927722
17928057
17929077
17929747
17929951
17930518
17930759
17930921
17931163
17931341
17931657
17931668
17932923
17933811
17934230
17934276
17935950
17936945
17937219
17939590
17940023
17940512
17940527
17941478
17943770
17944563
17945379
17945580
17946406
17947776
17948962
17949686
17949957
17950528
17953574
17954497
17954704
17955859
17956490
17956588
17958208
17958763
17959863
17959957
17960278
17960283
17960758
17961189
17961261
17961616
17961693
17962066
17962694
17963833
17964280
17966454
17967243
17967271
17968073
17969280
17971733
17971757
17972886
17973608
17973710
17974158
17975085
17975226
17975589
17975948
17977348
17977439
17977824
17978056
17979222
17980533
17980924
17981354
17982272
17982935
17983383
17983594
17984114
17985270
17985858
17986146
17986160
