16162590
16163401
16163420
16163446
16163621
16163740
16163972
16164437
16165020
16165108
16165832
16166221
16166473
16166823
16167722
16167762
16167793
16167939
16167971
16168802
16169154
16169443
16169502
16170228
16170787
16171174
16172092
16172209
16172245
16172302
16173024
16173191
16173614
16173956
16174130
16174645
16175143
16175950
16176731
16176764
16177006
16177126
16177421
16177767
16178411
16178566
16181292
16183038
16184102
16184646
16184772
16184920
16185556
16185647
16186606
16187171
16187198
16187259
16187534
16187746
16188994
16189456
16189703
16190920
16191716
16192175
16193865
16194127
16194158
16194221
16194473
16194724
16195258
16195320
16196457
16197498
16197500
16197748
16197752
16198587
16198597
16199712
16200223
16200564
16200753
16201342
16201344
16203186
16203335
16204532
16204637
16205751
16206999
16207099
16207867
16208385
16208535
16208580
16208822
16210161
