40583751
40583915
40584323
40585970
40586523
40586682
40591486
40591927
40592331
40593186
40595448
40595977
40598392
40598393
40599068
40602097
40607549
40613285
40613308
40615078
40618014
40618032
40619036
40619585
40623510
40628849
40629606
40630274
40630392
40630521
40631082
40631679
40632195
40633176
40637016
40640273
40646269
40646307
40651477
40653134
40658994
40661503
40664115
40664439
40664955
40664975
40665413
40666978
40667252
40667583
40667840
40668389
40669198
40671255
40672616
40672749
40674550
40683904
40684002
40684956
40688001
40688841
40691369
40693491
40695312
40695853
40700959
40706170
40707894
40713983
40717303
40718867
40719279
40722543
40726302
40727149
40729190
40730094
40731585
40731717
40733885
40734461
40737437
40741052
40745597
40749439
40750570
40751796
40755208
40758466
40758849
40761518
40765080
40768624
40768790
40768910
40769301
40770688
40770836
40772235
