4633708
4633819
4634910
4634965
4635555
4635778
4636033
4636108
4636163
4636238
4636420
4636423
4636733
4636920
4637283
4637423
4637671
4637863
4637870
4638318
4638531
4638826
4639313
4639726
4639730
4639827
4640029
4640062
4640084
4640172
4640227
4640400
4640507
4641105
4641149
4641254
4641290
4641603
4641836
4642047
4642121
4642198
4642319
4642449
4642635
4642710
4642753
4642840
4643027
4643212
4643240
4643325
4643472
4643989
4644139
4644328
4644329
4644525
4644552
4644574
4644687
4644809
4644846
4645304
4645327
4645365
4645373
4645429
4645626
4645673
4645701
4645818
4646051
4646244
4646297
4646528
4647084
4647096
4647379
4647403
4647407
4647534
4647646
4647761
4648241
4648672
4648904
4648943
4649267
4649373
4649468
4649507
4649631
4649765
4649853
4649883
4649885
4649976
4650155
4650451
