561141
561330
561587
561830
561835
561842
561922
561972
561976
562265
562534
563102
563325
563397
563852
564428
564455
564465
564640
564680
565315
565381
565411
565555
565691
565726
565739
566033
566084
566154
566298
566341
566410
566471
566586
566653
566693
566844
567023
567061
567209
567285
567431
567497
567709
567830
567992
568089
568109
568202
568426
568530
568753
569137
569287
569338
569364
569405
569435
569438
569444
569613
569661
569699
569783
569906
569963
569976
569996
570017
570078
570431
570490
570510
570775
571220
571403
571542
571659
571707
571903
571934
571969
572065
572078
572197
572427
572643
572663
572720
572803
573023
573112
573139
573228
573337
573400
573642
573777
574047
