3204671
3205057
3205108
3205133
3205279
3205476
3205543
3205640
3205648
3205660
3205661
3205739
3205882
3205920
3206282
3206345
3206551
3206699
3206708
3206861
3206869
3206940
3207316
3207350
3207371
3207503
3208269
3208402
3208893
3208907
3209050
3209081
3209098
3209146
3209312
3209358
3209407
3209555
3209574
3209977
3210096
3210117
3210129
3210224
3210466
3210526
3210857
3210953
3211162
3211318
3211350
3211399
3211482
3211659
3211787
3211810
3211858
3211969
3212212
3212273
3212631
3212679
3212850
3212954
3213131
3213243
3213252
3213257
3213262
3213317
3213737
3213772
3213835
3214063
3214160
3214195
3214212
3214299
3214306
3214400
3214519
3214532
3214537
3214744
3214760
3214816
3215054
3215074
3215252
3216185
3216212
3216397
3216401
3216411
3216435
3216483
3216536
3216581
3216610
3216639
