2625977
2626232
2626242
2626256
2626261
2626285
2626428
2626617
2626654
2626677
2626684
2626928
2626936
2626964
2626986
2627055
2627096
2627187
2627243
2627410
2627644
2627842
2627883
2627944
2627956
2628018
2628231
2628288
2628389
2628641
2628766
2629035
2629182
2629201
2629345
2629498
2629851
2629906
2630001
2630315
2630464
2630511
2630639
2630825
2630842
2630846
2630971
2631047
2631068
2631236
2631255
2631264
2631324
2631400
2631470
2631554
2631566
2631767
2631785
2631797
2631857
2631867
2632024
2632280
2632304
2632350
2632439
2632683
2632778
2632827
2633002
2633342
2633550
2633673
2633899
2634051
2634142
2634220
2634222
2634246
2634343
2634767
2635010
2635267
2635328
2635600
2635672
2635978
2636290
2636444
2636493
2636551
2636694
2636793
2637234
2637269
2637276
2637513
2637515
2637601
