3267074
3267184
3267299
3267310
3267391
3267966
3268074
3268258
3268309
3268349
3268627
3268755
3268794
3269025
3269062
3269300
3269473
3269506
3269528
3269574
3269692
3269715
3269721
3269755
3269802
3269939
3270099
3270188
3270395
3270407
3270596
3270660
3270661
3270681
3270815
3270893
3271027
3271085
3271129
3271138
3271242
3271313
3271396
3271459
3271594
3271651
3271654
3271745
3272022
3272511
3272743
3272872
3272932
3273160
3273204
3273390
3273397
3273469
3273496
3273546
3273808
3273907
3273987
3274011
3274030
3274284
3274475
3274590
3274633
3274728
3275205
3275246
3275464
3275494
3275875
3275894
3276154
3277193
3277367
3277369
3277374
3277375
3277376
3277378
3277380
3277381
3277388
3277389
3277393
3277398
3277399
3277401
3277406
3277433
3277523
3277547
3277653
3277659
3277764
3277828
