18655946
18656531
18656537
18656972
18657090
18657168
18658857
18660239
18662409
18662725
18663305
18663400
18663413
18663559
18664158
18665726
18666029
18666374
18666448
18666769
18667761
18668804
18669916
18673277
18675332
18676176
18677400
18678463
18678907
18679002
18680398
18681792
18682504
18683826
18684006
18684348
18684353
18684857
18684859
18685738
18687027
18687472
18688971
18692102
18692144
18692494
18692895
18693069
18695068
18696609
18696709
18697264
18697583
18699626
18701166
18702104
18702616
18704951
18705438
18707082
18707537
18707660
18708589
18709676
18710168
18710405
18710829
18711174
18711490
18711531
18711623
18711749
18712281
18713838
18716008
18716272
18716448
18716568
18717089
18717634
18718001
18719123
18719334
18720581
18721781
18722107
18723097
18723600
18723649
18724175
18724234
18724975
18725395
18727044
18727108
18727528
18729172
18729763
18731332
18731922
