2694659
2694661
2694662
2694664
2694665
2694668
2694669
2694670
2694671
2694672
2694675
2694676
2694677
2694681
2694682
2694915
2695065
2695351
2695376
2695453
2695596
2695721
2695735
2695910
2696082
2696156
2696170
2696180
2696195
2696240
2696304
2696339
2696345
2696365
2696617
2696686
2696707
2696766
2696802
2696832
2697090
2697176
2697237
2697322
2697336
2697420
2697506
2697581
2697599
2697643
2697932
2697965
2698029
2698097
2698100
2698209
2698247
2698271
2698305
2698688
2698908
2699198
2699314
2699422
2699442
2699650
2699760
2699769
2699786
2699811
2700007
2700009
2700015
2700017
2700019
2700021
2700027
2700033
2700047
2700057
2700062
2700064
2700080
2700342
2700750
2700802
2700867
2701097
2701111
2701207
2702009
2702075
2702176
2702413
2702569
2702664
2702778
2702806
2702816
2702825
