266775
266856
266980
267047
267167
267182
267227
267300
267411
267488
267606
267661
267772
267803
267917
267936
267982
268070
268108
268184
268391
268691
268692
268745
268875
268994
269032
269301
269391
269478
269512
269840
270019
270028
270318
270319
270336
270540
270626
271092
271095
271209
271323
271544
271548
271842
272079
272415
272429
272449
272479
272642
272890
272909
272932
272944
273109
273413
273761
274344
274737
274883
274933
275068
275106
275112
275437
275472
275479
275539
275685
275703
275733
275844
275906
275927
275971
275998
276052
276066
276085
276105
276113
276245
276287
276347
276352
276479
276489
276549
276815
276988
277477
277751
277829
277887
277907
278104
278213
278232
