8202628
8203176
8204281
8205856
8205993
8206054
8206259
8206294
8206412
8206694
8207151
8208256
8208298
8208519
8208622
8208810
8208889
8208927
8209513
8209700
8210531
8211246
8211306
8211471
8212058
8212090
8212232
8212234
8212291
8212315
8212513
8213030
8213107
8213363
8213422
8213629
8213670
8214197
8215270
8215621
8215910
8216132
8216462
8217231
8218633
8218817
8219957
8220450
8221397
8221625
8221858
8222006
8222021
8222558
8223261
8224005
8224355
8224444
8224593
8225050
8225399
8225484
8225932
8226504
8227015
8227096
8227129
8227156
8227177
8227570
8228117
8228820
8229063
8229472
8230424
8231312
8231883
8232104
8232824
8233610
8233892
8233894
8233991
8234556
8234628
8234838
8234894
8235222
8235242
8236946
8236974
8237285
8237314
8237485
8237697
8237975
8238552
8238913
8239127
8239208
