4226783
4227163
4227215
4227272
4227316
4227382
4227560
4227600
4227736
4227977
4228147
4228167
4228408
4228500
4228808
4228862
4228989
4229035
4229066
4229190
4229318
4229496
4229613
4229998
4230003
4230024
4230224
4230700
4230723
4230809
4230832
4231170
4231211
4231332
4231446
4231453
4231571
4231730
4231966
4232118
4232228
4232417
4232511
4232540
4232546
4232547
4232549
4232572
4232618
4232646
4232721
4232859
4232994
4233013
4233043
4233164
4233306
4233343
4233350
4233642
4233701
4233746
4233749
4233840
4233858
4233859
4233861
4234288
4234490
4234519
4234563
4234612
4234901
4235042
4235113
4235544
4235742
4235933
4236064
4236311
4236493
4237022
4237098
4237464
4237481
4237796
4237801
4237911
4238007
4238126
4238253
4238256
4238262
4238264
4238265
4238270
4238272
4238492
4238541
4238592
