3176403
3176435
3176813
3177100
3177531
3177566
3177677
3177717
3177871
3177878
3177970
3177998
3178090
3178252
3178331
3178384
3178401
3178431
3178482
3178825
3178865
3178924
3178980
3179306
3179484
3179646
3179865
3180005
3180198
3180230
3180273
3180578
3180801
3180805
3180894
3180964
3180972
3181078
3181113
3181176
3181256
3181517
3181655
3181715
3181727
3181817
3181867
3181907
3181921
3181951
3182227
3182248
3182334
3182444
3182462
3182673
3182829
3182877
3183009
3183029
3183095
3183367
3183480
3183516
3183639
3183871
3183874
3183899
3184111
3184372
3184596
3185021
3185148
3185154
3185379
3185869
3185910
3186020
3186117
3186151
3186165
3186216
3186234
3186241
3186305
3186472
3186475
3186480
3186607
3186658
3186706
3186758
3186815
3186868
3187207
3187359
3187403
3187491
3187640
3187838
