2497668
2497954
2497962
2498333
2498411
2498423
2498429
2498548
2498647
2498665
2499011
2499058
2499225
2499255
2499398
2499544
2499864
2499920
2500081
2500170
2500336
2500338
2500464
2500628
2501089
2501188
2501276
2501328
2501402
2501691
2501747
2502296
2502361
2502451
2502910
2503124
2503150
2503355
2503402
2503433
2503672
2503769
2504091
2504245
2504281
2504306
2504359
2504388
2504725
2504779
2504814
2504925
2504940
2505041
2505236
2505270
2505272
2505631
2506059
2506238
2506315
2506332
2506577
2506634
2506711
2507243
2507556
2507569
2507733
2508169
2508304
2508547
2508691
2508813
2508922
2508990
2509047
2509216
2509375
2509481
2509610
2509887
2510031
2510091
2510280
2511051
2511227
2511454
2512000
2512140
2512610
2512615
2512624
2512630
2512735
2512758
2512836
2513053
2513100
2513221
