1234915
1234976
1235016
1235021
1235065
1235083
1235091
1235132
1235157
1235180
1235231
1235244
1235288
1235351
1235359
1235466
1235509
1235511
1235591
1235624
1235662
1235689
1235694
1235732
1235740
1235757
1235817
1235825
1235853
1235876
1235919
1235953
1235977
1236039
1236174
1236193
1236194
1236407
1236649
1236733
1236862
1236997
1237049
1237055
1237119
1237177
1237228
1237336
1237367
1237462
1237549
1237755
1237771
1237784
1237847
1237939
1238047
1238092
1238100
1238113
1238119
1238172
1238181
1238188
1238293
1238340
1238404
1238456
1238533
1238579
1238585
1238657
1238662
1238671
1238704
1238796
1238888
1239026
1239190
1239295
1239312
1239332
1239492
1239541
1239694
1239779
1239817
1240320
1240346
1240455
1240497
1240502
1240508
1240608
1240659
1240741
1240980
1241005
1241239
1241273
