1979873
1979989
1980103
1980145
1980382
1980480
1980521
1980640
1980965
1981083
1981324
1981526
1982243
1982250
1982284
1982320
1982356
1982374
1982492
1982937
1982992
1983010
1983021
1983038
1983180
1983199
1983235
1983275
1983277
1983312
1983360
1983450
1983487
1983593
1983668
1983701
1983714
1983736
1983763
1983839
1983986
1984154
1984548
1984551
1985306
1985399
1985541
1985754
1985801
1985834
1985851
1985942
1986035
1986090
1986091
1986357
1986501
1986637
1986652
1986990
1987073
1987133
1987170
1987262
1987382
1987518
1987688
1987699
1987817
1988054
1988136
1988232
1988325
1988351
1988854
1988899
1989023
1989066
1989189
1989238
1989328
1989374
1989379
1989399
1989481
1989538
1989550
1989641
1989930
1989938
1990043
1990150
1990345
1990689
1991130
1991338
1991568
1991874
1991923
1991960
