2513291
2513597
2514238
2514958
2515017
2515155
2515167
2515223
2515391
2515507
2515545
2515644
2515670
2515794
2515913
2516109
2516359
2516407
2516913
2516942
2517043
2517127
2517164
2517210
2517312
2517341
2517362
2517379
2517399
2517424
2518001
2518223
2518237
2518281
2518605
2518609
2518621
2518673
2518774
2518854
2519105
2519147
2519174
2519179
2519407
2519587
2519749
2519886
2520193
2520295
2520428
2520523
2520619
2520776
2521691
2521849
2521894
2521920
2521984
2522102
2522251
2522618
2522741
2522744
2522772
2522962
2523062
2523219
2523270
2523408
2523518
2523622
2523638
2523739
2523797
2524265
2524275
2524324
2524768
2524884
2525026
2525042
2525197
2525221
2525330
2525839
2525947
2526026
2526341
2526405
2526644
2526735
2526776
2526823
2526831
2526833
2527146
2527342
2527415
2527421
