18732593
18735778
18735783
18736084
18736286
18736998
18738368
18738733
18739373
18739611
18740416
18741285
18741651
18742472
18742861
18744001
18744624
18745750
18745761
18746295
18747533
18748475
18749823
18750159
18751122
18751352
18752110
18752213
18752867
18754718
18755931
18756171
18757704
18757885
18759036
18759958
18761416
18761799
18762336
18764607
18767347
18767878
18769238
18769597
18770304
18772154
18772364
18774228
18774338
18774658
18775929
18779117
18779897
18780095
18780237
18781251
18781872
18781998
18782273
18782517
18785377
18785503
18785720
18785802
18786586
18786668
18786731
18788348
18788367
18788425
18789728
18790454
18791439
18792512
18792864
18793157
18793390
18793607
18793965
18794350
18794425
18795295
18795589
18796434
18797328
18797626
18797844
18798852
18801717
18802944
18806587
18808244
18809954
18811415
18812097
18812174
18812841
18812953
18814640
18814986
