957852
958165
958206
958225
958434
958537
958637
958643
958658
958801
958831
958927
958967
958988
959028
959075
959294
959384
959433
959434
959455
959546
959655
959722
959831
959895
959921
959961
959991
960178
960209
960271
960330
960393
960412
960621
960634
960694
960753
960855
960990
961106
961124
961208
961244
961263
961305
961314
961316
961327
961370
961777
961803
961911
962152
962232
962482
962637
962840
963039
963048
963174
963266
963374
963550
963646
963717
963843
963900
964124
964156
964426
964459
964545
964577
964608
964799
964937
964939
964943
964979
965053
965150
965450
965497
965712
965762
965798
965896
965904
966063
966112
966242
966329
966355
966505
966517
966568
966606
966678
