15721314
15721575
15721670
15722350
15722621
15722676
15723161
15723471
15723478
15723691
15724384
15724405
15725900
15725908
15726079
15726818
15727862
15728113
15728181
15728218
15728900
15729361
15729755
15730008
15730996
15731365
15731411
15732064
15732565
15732652
15732691
15732980
15733214
15733967
15735023
15736465
15736822
15737178
15737186
15737894
15738127
15738540
15738776
15738825
15739331
15739418
15739711
15740878
15741241
15741392
15741528
15742092
15743817
15743820
15743861
15743938
15744286
15744565
15745513
15746613
15747409
15747438
15747934
15749535
15749764
15749946
15750422
15750728
15751546
15751556
15751557
15752006
15752446
15753086
15753538
15754409
15754845
15755591
15756890
15757358
15758308
15758555
15758793
15758820
15759304
15762782
15762936
15763535
15764196
15764601
15764777
15764975
15767383
15767404
15767933
15769362
15770815
15771183
15771490
15772959
