5821792
5821935
5821984
5822001
5822232
5822391
5822428
5822435
5823489
5823503
5824139
5824154
5824313
5824447
5824452
5824765
5825230
5825621
5825835
5825986
5826002
5826499
5826900
5826997
5827069
5827219
5827355
5827585
5827616
5828516
5828854
5828881
5828899
5829253
5829383
5829718
5829786
5829837
5829857
5829987
5830342
5830438
5830496
5830565
5831199
5831692
5831701
5832145
5832186
5832336
5832647
5832706
5832744
5833556
5834463
5834643
5834647
5834658
5834787
5834834
5834931
5835004
5835185
5835273
5835307
5835752
5835805
5836005
5836256
5838484
5838523
5838818
5839080
5839253
5839329
5839422
5839618
5839885
5840227
5840301
5840419
5840428
5840998
5841172
5841210
5841319
5841540
5841681
5841724
5841792
5841813
5841874
5842124
5842294
5842462
5842584
5843337
5843547
5843852
5843966
