719641
719666
719689
719784
719847
719962
720073
720305
720310
720372
720434
720514
720625
720746
720789
720794
720840
721001
721112
721507
721586
721595
721695
721727
721780
721815
721859
721979
722086
722173
722203
722283
722367
722723
722845
723002
723007
723048
723071
723143
723155
723277
723750
723771
723775
724028
724037
724448
724705
724767
724781
724823
725050
725135
725142
725174
725451
725498
725612
725664
725750
725971
726023
726031
726098
726307
726338
726387
726550
726630
726631
726884
727100
727144
727198
727334
727375
727962
728016
728311
728403
728412
728493
728589
728728
728787
728790
728792
728880
729039
729114
729209
729380
729447
729535
729691
729742
729777
729778
729866
