7376657
7376852
7377020
7377335
7377707
7377874
7377880
7378212
7378371
7378575
7378873
7379059
7379409
7379751
7380065
7380276
7380285
7380293
7380391
7380502
7380573
7380677
7380806
7380943
7381012
7381234
7381365
7381659
7381926
7382454
7382510
7382642
7383087
7383852
7383871
7383889
7384064
7384230
7384381
7384485
7384498
7384898
7384985
7385302
7385415
7385447
7385645
7385687
7385849
7386095
7386489
7386517
7386825
7387002
7387029
7387687
7387837
7387847
7387955
7388146
7388167
7389107
7389243
7389303
7389321
7389407
7389484
7389789
7389900
7389919
7390046
7390127
7390627
7390705
7391129
7391615
7391752
7391803
7391905
7391937
7392107
7392335
7392404
7392608
7392666
7392889
7393052
7393409
7393523
7393688
7394715
7394940
7394993
7395218
7395323
7395527
7395624
7395994
7396064
7396172
