2964465
2964471
2964528
2964605
2964614
2964752
2965183
2965266
2965308
2965590
2965614
2965684
2965741
2965798
2965894
2966207
2966672
2967242
2967307
2967331
2967349
2967441
2967820
2967896
2968756
2969046
2969216
2969622
2969870
2969928
2970209
2970245
2970409
2970484
2970510
2970682
2970956
2971245
2971412
2971451
2971567
2971581
2971659
2971752
2971848
2971899
2971966
2972092
2972135
2972198
2972296
2972351
2973080
2973162
2973219
2973228
2973233
2973234
2973237
2973239
2973241
2973249
2973254
2973255
2973266
2973296
2973302
2973604
2973613
2973829
2973838
2973877
2973894
2973898
2973906
2973969
2974029
2974546
2974754
2974767
2974888
2974917
2975066
2975105
2975219
2975326
2975355
2975375
2975409
2975484
2975485
2975490
2975502
2975550
2975573
2975641
2975882
2976937
2977028
2977165
