2484140
2484358
2484611
2484664
2484706
2485090
2485186
2485300
2485376
2485679
2485722
2485988
2486007
2486021
2486150
2486595
2486671
2486716
2486900
2487011
2487264
2487395
2487930
2487944
2488166
2488175
2488381
2488406
2488467
2488482
2488633
2488824
2488962
2489006
2489308
2489449
2489454
2489523
2489576
2489609
2489829
2490004
2490326
2490487
2490767
2490813
2490843
2490903
2491203
2491391
2491430
2491702
2492158
2492207
2492428
2492435
2492507
2492588
2493007
2493112
2493201
2493249
2493285
2493545
2493595
2493596
2493814
2493849
2493888
2493894
2494261
2494290
2494506
2494580
2494593
2494641
2494676
2495267
2495382
2495710
2495746
2495929
2496045
2496313
2496329
2496484
2496635
2496653
2496802
2496870
2496942
2496967
2497004
2497173
2497293
2497451
2497587
2497595
2497632
2497638
