1834053
1834122
1834188
1834401
1834579
1834610
1834919
1835293
1835613
1835670
1835707
1835741
1835791
1835896
1835897
1836215
1836245
1836314
1836353
1836375
1836391
1836500
1836552
1836703
1836764
1836799
1836801
1836810
1836826
1836898
1836981
1836985
1837175
1837272
1837319
1837341
1837435
1837851
1838582
1838656
1839003
1839087
1839158
1839183
1839225
1839290
1839373
1839437
1839589
1839684
1839800
1839877
1840337
1840439
1840565
1840609
1840643
1841170
1841232
1841246
1841895
1841927
1841936
1842024
1842028
1842141
1842155
1842179
1842211
1842357
1842403
1842541
1842555
1842590
1842705
1842840
1842870
1842943
1842977
1842981
1842994
1843076
1843138
1843153
1843156
1843184
1843354
1843994
1844063
1844086
1844214
1844221
1844284
1844496
1844537
1844694
1844770
1845204
1845438
