17107364
17107503
17107628
17107949
17108252
17108439
17108487
17108564
17109310
17110194
17110248
17110506
17111328
17111464
17112005
17112520
17112689
17113278
17113634
17114820
17115691
17116659
17117107
17117153
17117682
17117928
17119259
17119713
17120216
17120627
17120887
17123751
17123939
17124219
17124846
17124952
17125934
17126166
17126978
17127848
17128560
17129704
17130104
17130174
17130517
17131347
17131485
17132211
17132742
17133008
17134368
17134376
17134533
17134680
17135006
17135392
17135999
17136419
17137415
17137708
17138510
17139453
17140795
17141349
17142398
17142746
17143300
17143342
17144069
17144232
17144509
17144535
17145084
17145765
17145840
17146228
17146380
17147544
17147938
17147969
17148188
17148344
17148730
17149174
17149521
17149526
17150343
17151159
17151220
17151829
17152025
17152446
17152556
17153145
17153456
17153494
17153572
17154104
17154204
17155967
