224613
224620
224727
224803
224829
224876
224882
224893
224919
225138
225184
225256
225332
225379
225522
225686
225728
225758
226282
226292
226335
226534
226538
226577
226653
226674
226769
226792
226828
226938
227587
227714
227750
227779
227819
227907
227999
228019
228032
228426
228531
228549
228774
228954
229200
229372
229502
229520
229541
229605
229800
229806
229930
230262
230320
230331
230344
230402
230503
230507
230575
230591
230813
230833
230838
230889
230989
231032
231083
231315
231375
231516
231537
231593
231643
231662
231871
231931
231939
232058
232072
232075
232105
232272
232280
232443
232478
232495
232670
232835
232904
232919
232943
232969
233036
233046
233448
233507
233548
233581
