1529141
1529263
1529514
1529754
1529930
1530221
1530422
1530449
1530501
1531069
1531388
1531397
1531553
1531646
1531662
1531669
1531713
1531830
1531832
1532154
1532228
1532535
1532546
1532644
1532740
1532761
1532914
1532988
1533069
1533243
1533247
1533825
1533857
1534160
1534243
1534364
1534487
1534542
1534595
1534746
1535137
1535213
1535314
1535474
1535675
1535689
1535730
1535944
1536632
1536728
1536919
1537168
1537347
1537371
1537785
1537799
1537885
1537887
1538001
1538051
1538220
1538611
1538628
1538896
1539059
1539075
1539100
1539181
1539256
1539316
1539467
1539482
1539541
1539597
1539687
1539833
1539930
1539987
1540016
1540241
1540457
1540476
1540519
1540524
1540691
1540920
1540940
1541081
1541082
1541171
1541176
1541243
1541389
1541542
1541547
1541652
1541687
1541835
1541849
1541875
