30800404
30803360
30807252
30809510
30809984
30810705
30813955
30818462
30820988
30822179
30823503
30825354
30825440
30828856
30829182
30829972
30830586
30833281
30836100
30837944
30839089
30839541
30839675
30841936
30844906
30845879
30846719
30847064
30848229
30849185
30849373
30849391
30850090
30850141
30851661
30852483
30853949
30854829
30856144
30857337
30860401
30861290
30861779
30870719
30871540
30871899
30873078
30876570
30880489
30880842
30881300
30882890
30885727
30887222
30887538
30887789
30889046
30890124
30890345
30894658
30894969
30896607
30897044
30897790
30898455
30901525
30903044
30905416
30906737
30906889
30907424
30907706
30907869
30908574
30911836
30911914
30912150
30912428
30912710
30913145
30915873
30920076
30922633
30923449
30923874
30926374
30931716
30934810
30936279
30937046
30937670
30941061
30941329
30941492
30942862
30942997
30944443
30947308
30947584
30948586
