1519472
1519497
1519517
1519524
1519683
1519698
1519877
1519907
1519915
1519935
1520037
1520049
1520057
1520092
1520246
1520311
1520385
1520391
1520435
1520566
1520674
1520723
1520788
1520903
1521198
1521297
1521331
1521544
1521549
1521651
1521805
1521830
1522060
1522134
1522233
1522235
1522266
1522312
1522467
1522581
1522742
1522934
1522970
1523096
1523112
1523441
1523492
1523496
1523539
1523575
1523911
1523965
1524026
1524252
1524259
1524298
1524441
1524752
1524767
1524797
1524910
1525019
1525093
1525100
1525171
1525552
1525681
1525710
1525851
1525909
1525929
1525958
1525963
1526254
1526311
1526324
1526585
1526778
1526809
1526851
1526900
1527015
1527026
1527036
1527084
1527090
1527560
1527724
1527744
1527967
1528204
1528223
1528258
1528307
1528308
1528618
1528648
1528887
1529111
1529137
