6834008
6834154
6834443
6834853
6835334
6835464
6835619
6835760
6836066
6836184
6836197
6836402
6836451
6836469
6836687
6836713
6837190
6837678
6837929
6838057
6838705
6839441
6840153
6840194
6840768
6841482
6841567
6842090
6842144
6842205
6842656
6842802
6843015
6843756
6843808
6844678
6844741
6844959
6845608
6845662
6845823
6845961
6847351
6848238
6848513
6848917
6849357
6849592
6849812
6849911
6849959
6850091
6850562
6851703
6852563
6852657
6852749
6852796
6852853
6853010
6853518
6853947
6854110
6854147
6854393
6854530
6854690
6854724
6854784
6855264
6855588
6855642
6855988
6856235
6856430
6856460
6856499
6857138
6857285
6857324
6857782
6857793
6857870
6857892
6857979
6858036
6858254
6859861
6859952
6860038
6860374
6860419
6860672
6861295
6861499
6861779
6861858
6862613
6862757
6863074
