28653152
28653736
28653761
28653778
28654411
28658094
28658513
28658594
28659633
28659849
28660291
28662795
28662819
28663471
28663824
28664916
28665867
28668418
28669936
28670640
28670804
28671110
28672158
28672541
28673520
28673689
28674201
28674603
28677643
28679436
28680631
28680764
28680805
28681337
28681595
28682916
28682936
28686339
28687556
28688536
28692003
28694854
28696764
28696831
28699117
28700113
28701527
28702513
28707824
28712472
28712965
28716046
28716074
28717670
28718813
28721219
28721237
28724899
28725712
28726666
28726902
28727226
28729396
28729770
28729836
28730733
28730810
28732818
28733101
28733475
28733516
28735201
28735947
28737703
28738153
28741238
28741466
28742172
28746831
28747022
28749612
28749894
28750685
28750749
28753659
28754631
28755881
28757170
28757518
28757617
28759798
28759977
28761653
28762636
28763615
28764689
28764992
28765000
28766646
28768626
