14187557
14187921
14188051
14188550
14189587
14191755
14191973
14192478
14192877
14194673
14195115
14195650
14195871
14196982
14197265
14197662
14198052
14198828
14199279
14200533
14200929
14201134
14201199
14201499
14201562
14202316
14202467
14202529
14203330
14204215
14205550
14207225
14207975
14208028
14208505
14208812
14209453
14209528
14211077
14211296
14212044
14212319
14212445
14212457
14212515
14212545
14213897
14214254
14215256
14215832
14217075
14217400
14217617
14217696
14217844
14217851
14217867
14218585
14219443
14219554
14220781
14221022
14221083
14221346
14221546
14223524
14223817
14224279
14225111
14225754
14226077
14226356
14226558
14226670
14227967
14228132
14228181
14228743
14228771
14228982
14229006
14230003
14230624
14232026
14232200
14233429
14233909
14234225
14235032
14235089
14235312
14235655
14237010
14238306
14238765
14239438
14239570
14240251
14240911
14242233
