11499974
11500508
11500883
11501309
11501544
11501809
11502550
11502994
11503567
11503608
11503956
11504289
11504480
11505027
11505189
11505326
11505381
11505489
11505718
11506503
11506552
11507173
11507253
11507280
11507311
11507360
11508074
11508717
11509445
11509470
11510492
11510525
11510637
11511023
11511645
11512275
11512527
11513064
11513316
11513715
11513781
11514264
11514324
11514754
11514972
11515589
11515769
11515947
11516139
11516282
11516319
11517097
11517172
11517184
11517241
11517493
11518187
11518316
11518372
11519425
11519728
11519916
11520015
11520931
11521439
11522254
11523124
11523220
11525953
11526574
11528070
11528481
11529543
11529676
11530097
11531010
11531187
11531230
11531537
11531567
11532211
11532559
11532644
11533084
11533819
11534669
11534932
11535478
11536942
11538398
11538424
11538486
11538731
11538949
11539474
11539512
11539881
11540263
11540488
11540987
