14372351
14372457
14372759
14373536
14377436
14377752
14377949
14378504
14378792
14379013
14379433
14381030
14382377
14383345
14384165
14384265
14384639
14385249
14386073
14386624
14386932
14386956
14387134
14388119
14388883
14388906
14390339
14391074
14391605
14392324
14392707
14393720
14394037
14394128
14394712
14394997
14396740
14398048
14398849
14400223
14400768
14400875
14400916
14401924
14401993
14402349
14403423
14404564
14404707
14404975
14407042
14408365
14408434
14410218
14410278
14411478
14412192
14412337
14412776
14413543
14416281
14416497
14417258
14417625
14418758
14419065
14419682
14419910
14420097
14420962
14421122
14421524
14422835
14423219
14423376
14424958
14425034
14426029
14426869
14427301
14427355
14427573
14428111
14428552
14428554
14428590
14429191
14429832
14429840
14429931
14430174
14430756
14430771
14430979
14432095
14432126
14432300
14432350
14433460
14434337
