7813924
7814119
7814533
7814576
7815212
7815246
7815315
7815617
7816309
7816625
7816635
7816641
7816890
7817230
7817460
7817671
7818309
7818475
7818886
7819215
7819231
7819495
7819749
7819780
7819929
7820078
7820334
7820446
7820625
7820771
7820952
7821150
7821153
7821451
7822134
7822604
7822989
7823124
7823184
7823199
7823405
7823477
7823628
7823653
7823776
7824221
7824394
7824630
7824830
7824906
7825540
7825569
7825908
7825920
7826041
7826297
7826314
7826414
7827034
7827135
7828932
7828979
7829034
7829169
7829302
7830171
7830298
7830559
7830650
7830704
7830931
7831291
7831317
7831423
7831653
7831884
7832156
7832472
7832575
7832748
7832771
7833108
7833143
7834062
7835218
7835378
7835520
7835936
7836190
7836219
7836869
7836965
7837062
7837138
7837220
7837419
7837699
7837703
7837837
7838492
