20763493
20767549
20767737
20768524
20768764
20769175
20769386
20769429
20770772
20771174
20771330
20772350
20772434
20773991
20774193
20775933
20776100
20776365
20777131
20777789
20779299
20780249
20780695
20781369
20782370
20783067
20784572
20785741
20785785
20786247
20786322
20786930
20788308
20788802
20788812
20789177
20789485
20789658
20790592
20792879
20794495
20794637
20794690
20794946
20795800
20795865
20796071
20797088
20797542
20798678
20798728
20799273
20799778
20799829
20800312
20801420
20802058
20802488
20803014
20803246
20803510
20804610
20805301
20805359
20807878
20809689
20810136
20810190
20811011
20811115
20811353
20814231
20815126
20815130
20815800
20816146
20816631
20817176
20817238
20819110
20820088
20821393
20821892
20822557
20822920
20822980
20823729
20824764
20825654
20825815
20826475
20830184
20830557
20830694
20831259
20832393
20833014
20833094
20834010
20834171
