29021875
29022588
29022682
29023259
29023902
29025313
29025505
29027196
29027538
29028263
29029128
29029155
29029848
29031073
29031077
29033462
29033873
29037518
29042326
29046065
29047696
29048522
29049643
29052336
29052681
29054030
29055123
29057758
29061325
29061764
29063822
29064107
29065078
29066462
29067522
29070265
29072243
29073275
29075324
29078021
29078296
29078648
29082968
29084789
29087268
29091854
29095050
29095079
29096399
29096531
29096915
29096935
29097042
29097218
29097325
29097873
29098403
29100542
29103031
29105129
29106912
29108581
29109175
29112662
29113803
29114922
29115610
29116067
29116696
29118303
29119464
29119834
29120815
29121993
29123728
29126101
29127292
29128675
29128796
29130914
29131311
29131899
29137149
29140302
29140617
29141923
29143341
29146821
29148122
29150046
29155542
29156612
29156854
29157419
29163009
29164197
29164970
29166245
29166600
29168880
