2286003
2286022
2286071
2286139
2286258
2286265
2286422
2286471
2286545
2286566
2286720
2286793
2286879
2287196
2287483
2287573
2288133
2288161
2288290
2288438
2288464
2288718
2288826
2288832
2288853
2288988
2289268
2289317
2289398
2289457
2289621
2289963
2289999
2290081
2290136
2290285
2290654
2290692
2290716
2290766
2290824
2290921
2291218
2291555
2291605
2291642
2291756
2291771
2291853
2292364
2292531
2292591
2292654
2292692
2292762
2292842
2292976
2293021
2293063
2293281
2293326
2293434
2293554
2293990
2294039
2294043
2294090
2294128
2294170
2294312
2294495
2294587
2294657
2295123
2295176
2295424
2295671
2295756
2296030
2296045
2296050
2296051
2296053
2296057
2296160
2296308
2296342
2296380
2296641
2296691
2296797
2297177
2297248
2297352
2297388
2297416
2297556
2297683
2298071
2298166
