26291761
26293615
26295160
26298663
26300406
26300826
26302911
26303565
26304214
26305726
26306057
26306154
26315419
26318517
26357918
26358257
26362262
26362413
26365220
26366652
26366731
26366943
26367222
26367323
26367680
26368490
26369610
26369712
26369998
26371915
26371931
26373300
26373415
26374827
26375616
26375902
26376336
26377290
26378128
26378206
26379754
26380964
26381046
26381200
26381877
26382233
26383870
26384533
26385137
26387380
26389452
26389745
26390766
26391463
26392700
26394196
26394771
26395413
26395932
26396019
26396699
26396777
26399100
26399220
26401431
26401775
26405331
26406695
26407042
26407250
26408768
26409363
26410452
26411298
26411838
26414228
26414829
26416125
26416277
26416897
26419276
26419424
26420790
26423977
26424027
26426584
26427155
26428834
26431658
26431826
26431898
26435181
26435932
26436258
26437135
26437240
26438825
26439716
26440647
26441173
