10260301
10260340
10261154
10261315
10261606
10262241
10262605
10262664
10262808
10262906
10263605
10263773
10264433
10264554
10265038
10265379
10266065
10266163
10266525
10267383
10268264
10268284
10268496
10268811
10268944
10268968
10270020
10270034
10270513
10270538
10271136
10271984
10272113
10272461
10272520
10272775
10272841
10273543
10274144
10274716
10275053
10275621
10276351
10276992
10278119
10278283
10279743
10279904
10279984
10282415
10283199
10283398
10283880
10284647
10285162
10286756
10286838
10287583
10287631
10287762
10288067
10288232
10288353
10288428
10288628
10288767
10288841
10288852
10289004
10289073
10289078
10289108
10289128
10289702
10289836
10291060
10291309
10292129
10292657
10292721
10292939
10293582
10293915
10294354
10294567
10294722
10294809
10295292
10295358
10295738
10295970
10296238
10296530
10296779
10297567
10298612
10298995
10299042
10299609
10299695
