1346961
1347062
1347209
1347382
1347517
1347606
1347625
1347695
1347931
1347937
1348032
1348056
1348222
1348342
1348360
1348690
1348693
1348700
1348917
1349220
1349260
1349340
1349386
1349490
1349561
1349640
1349644
1349721
1349770
1349910
1349965
1350113
1350245
1350267
1350383
1350517
1350644
1350764
1350777
1350812
1350831
1350957
1351249
1351262
1351374
1351481
1351623
1351630
1351639
1351759
1351761
1351914
1352119
1352233
1352593
1352919
1353064
1353216
1353283
1353456
1353498
1353518
1353543
1353558
1353585
1353620
1353639
1353683
1353743
1353959
1354034
1354107
1354153
1354185
1354394
1354486
1354524
1354823
1354879
1354957
1355037
1355108
1355161
1355637
1355684
1355806
1356075
1356124
1356134
1356154
1356287
1356355
1356532
1356533
1356617
1356755
1356766
1356779
1357002
1357137
