1731392
1731649
1731700
1731786
1731870
1731874
1732024
1732030
1732233
1732322
1732335
1732964
1733037
1733270
1733283
1733378
1733384
1733607
1733906
1734440
1734637
1734851
1734884
1735075
1735129
1735149
1735156
1735167
1735414
1735472
1735509
1735580
1735750
1735763
1735897
1735951
1736001
1736029
1736094
1736103
1736146
1736374
1736626
1736827
1736920
1736927
1736960
1737109
1737191
1737198
1737316
1737326
1737346
1737506
1738179
1738315
1738486
1738495
1738552
1738560
1738686
1738740
1738905
1738975
1739064
1739150
1739236
1739421
1739443
1739509
1739527
1739553
1739562
1739565
1739566
1739577
1739604
1739661
1739716
1739759
1739786
1739904
1739933
1740012
1740143
1740242
1740297
1740374
1740376
1740488
1740511
1740824
1741334
1741336
1741420
1741426
1741541
1741548
1741643
1741741
