4433526
4433597
4433678
4433720
4433837
4433855
4434223
4434422
4434471
4434756
4434843
4434975
4435052
4435118
4435281
4435338
4435358
4435370
4435424
4435450
4435540
4435560
4435578
4436152
4436686
4436703
4436819
4436828
4436880
4437011
4437167
4437295
4437340
4437347
4437390
4437562
4437726
4438008
4438130
4438167
4438382
4438634
4438690
4438960
4438973
4439081
4439097
4439282
4439425
4440176
4441134
4441215
4441569
4441791
4441812
4441974
4442070
4442108
4442442
4442516
4442571
4442609
4442704
4442776
4442793
4442851
4442890
4443062
4443557
4443760
4444061
4444104
4444126
4444216
4444313
4444494
4444510
4444536
4444560
4444705
4444720
4444922
4445018
4445061
4445081
4445493
4445599
4445803
4446019
4446322
4446418
4446455
4446574
4446577
4446717
4446974
4447026
4447103
4447292
4447703
