24794577
24795312
24795776
24796596
24797138
24798417
24798565
24799118
24799699
24800793
24800933
24801562
24802791
24802845
24803811
24804032
24804664
24804774
24805224
24806524
24806763
24807882
24807978
24808196
24808441
24808613
24809226
24810694
24811147
24811499
24814032
24814228
24815857
24817336
24817860
24819588
24820367
24821048
24824213
24824781
24825086
24825201
24826496
24830191
24831672
24831767
24833336
24835296
24836566
24836594
24836971
24838540
24838610
24838935
24843928
24844832
24847335
24849618
24850229
24850966
24851118
24851736
24851940
24852009
24853593
24853845
24853993
24854219
24855313
24858111
24859127
24863752
24864653
24866493
24867435
24868690
24869627
24870149
24870333
24872929
24873006
24873152
24873211
24873701
24874810
24875483
24876220
24876727
24877080
24877905
24878104
24879397
24880649
24881814
24882440
24885153
24885344
24885475
24887033
24887210
