17806327
17806574
17807227
17807666
17808246
17808654
17808656
17808861
17809998
17810287
17810631
17810649
17812227
17812357
17812360
17814555
17815148
17815458
17815469
17815501
17815548
17816263
17816583
17817264
17817607
17817875
17818395
17818796
17818806
17819702
17820468
17820584
17820609
17820815
17821277
17821536
17821594
17821839
17822068
17822820
17824431
17824659
17824957
17825150
17825502
17826109
17826830
17827297
17827688
17828251
17828525
17829141
17829227
17829409
17829517
17831115
17831911
17832043
17832232
17832281
17832694
17834792
17836157
17836458
17837516
17839446
17839747
17839849
17839896
17841398
17841800
17841871
17842428
17842587
17843457
17843707
17844243
17845674
17846568
17847649
17847938
17849206
17849270
17849284
17850591
17851557
17851562
17851611
17851990
17852491
17852864
17853952
17854250
17854498
17854776
17854788
17854840
17857322
17857664
17859447
