5070694
5070722
5070801
5071058
5071202
5071236
5071372
5072034
5072064
5072083
5072361
5072459
5072531
5073036
5073169
5073171
5073195
5073378
5073397
5073456
5073515
5074157
5074281
5074407
5074415
5074564
5074703
5074973
5075341
5075567
5075620
5075757
5075874
5076204
5076783
5076964
5077244
5077257
5077378
5077418
5077757
5078172
5078368
5078443
5078573
5078700
5078980
5079209
5079256
5079291
5079767
5080007
5080075
5080128
5080164
5080173
5080200
5080331
5080659
5080673
5080742
5080784
5081221
5081787
5081790
5082033
5082089
5082510
5082615
5082758
5082766
5082796
5083485
5083711
5083975
5084013
5084445
5084667
5085736
5085799
5086379
5086497
5086650
5086662
5086824
5086857
5086935
5087065
5087158
5087212
5087355
5087404
5087502
5087541
5087694
5087885
5087973
5088038
5088542
5088875
