30003190
30003865
30004096
30004503
30006366
30007500
30008389
30009521
30009563
30009771
30010588
30016257
30017620
30019276
30020341
30020893
30021799
30022469
30024337
30024705
30026658
30027170
30027395
30032889
30033581
30034362
30034669
30034906
30035455
30035687
30035966
30036140
30036587
30038427
30039623
30040497
30043860
30044291
30045254
30046247
30047054
30055679
30056195
30061981
30061989
30062438
30063343
30065175
30065323
30068528
30068756
30069292
30071516
30071725
30071903
30072045
30073219
30073232
30073283
30073443
30076347
30079185
30079920
30079971
30081334
30082892
30083753
30098281
30099793
30100841
30101284
30102960
30104087
30104513
30105142
30105376
30106626
30108130
30108470
30112132
30112458
30115809
30115953
30116089
30120000
30121502
30122032
30122412
30122773
30123652
30124722
30124846
30125454
30127229
30128517
30128552
30129743
30130270
30130669
30131082
