5442381
5442480
5442783
5442939
5443541
5443564
5444003
5444101
5444154
5444309
5444401
5444744
5444785
5444866
5445559
5446149
5446255
5446392
5446445
5446494
5446620
5446764
5447025
5447143
5447408
5447436
5447891
5448087
5448399
5448457
5448482
5448677
5448792
5448878
5448962
5448974
5449155
5449186
5449528
5449782
5449947
5450317
5450628
5450698
5451025
5451077
5451312
5451529
5451619
5451642
5451666
5451901
5452216
5452277
5452511
5452832
5452936
5453059
5453202
5453702
5453930
5453982
5454021
5454067
5454366
5454549
5455146
5455215
5455447
5455535
5456454
5456814
5456923
5456947
5457614
5457730
5457906
5458076
5458878
5458930
5459016
5459309
5459361
5459416
5459503
5459603
5460105
5460359
5460508
5460575
5460996
5461267
5461714
5461949
5461985
5462200
5463005
5463117
5463301
5463456
