2527674
2527697
2528334
2528354
2528355
2528462
2528492
2528523
2528525
2528538
2528881
2528995
2529135
2529140
2529229
2529230
2529482
2529518
2529605
2529662
2530061
2530249
2530366
2530497
2530658
2530797
2530832
2531017
2531063
2531101
2531172
2531258
2531490
2531577
2531650
2531698
2532040
2532162
2532395
2532437
2532536
2532581
2532705
2532772
2532844
2533080
2533085
2533221
2533257
2533341
2533382
2533441
2533486
2533619
2533664
2533945
2533986
2534155
2534361
2534384
2534447
2534611
2535361
2535566
2536067
2536279
2536347
2536372
2536499
2536557
2536607
2536904
2537011
2537057
2537130
2537186
2537244
2537424
2537523
2537703
2537751
2537776
2538314
2538436
2538476
2538490
2538550
2538628
2538786
2539448
2539860
2539927
2540253
2540460
2540695
2540731
2540803
2540896
2541086
2541153
