1073926
1073945
1073994
1074065
1074245
1074402
1074647
1074659
1074814
1074830
1074895
1074922
1074925
1075003
1075341
1075686
1075772
1075774
1075923
1075966
1075977
1075988
1076043
1076079
1076139
1076238
1076292
1076389
1076408
1076495
1076685
1076857
1076918
1076987
1077134
1077248
1077254
1077324
1077396
1077398
1077434
1077474
1077630
1077679
1077703
1077844
1077888
1077890
1077971
1078039
1078042
1078064
1078080
1078194
1078259
1078458
1078473
1078562
1078571
1078604
1078618
1078768
1078825
1078829
1078871
1079203
1079308
1079309
1079318
1079337
1079497
1079519
1079574
1079612
1079798
1079961
1080016
1080190
1080233
1080327
1080383
1080401
1080457
1080635
1080890
1080899
1081001
1081283
1081695
1082034
1082056
1082239
1082295
1082313
1082422
1082616
1082817
1082824
1082848
1082945
