20500576
20500607
20501078
20502080
20502348
20503561
20504222
20505624
20507127
20509074
20510015
20510438
20510802
20510845
20511626
20511890
20512833
20514552
20514562
20514669
20514739
20514884
20515136
20515860
20518680
20519209
20519451
20519615
20519709
20522304
20523015
20525207
20526463
20526985
20527237
20527307
20528600
20528710
20528783
20530097
20530739
20531074
20531289
20531485
20532393
20532832
20534294
20534818
20534838
20535210
20535723
20536276
20537337
20539332
20539769
20540915
20541261
20542047
20542500
20543719
20543851
20543919
20543942
20544603
20545198
20545932
20546769
20548247
20548256
20550057
20551260
20551344
20551774
20553075
20554138
20554509
20555516
20555659
20556127
20556712
20558048
20559472
20561308
20563377
20563414
20563569
20564483
20564574
20565609
20566134
20566295
20566541
20568745
20568817
20574653
20575639
20578281
20578863
20579392
20580229
