7417391
7417392
7418404
7418641
7419650
7419833
7419892
7420066
7420073
7420133
7420365
7420676
7420888
7420940
7421107
7421449
7421509
7421609
7422095
7422162
7422413
7422424
7423456
7424149
7424161
7424849
7425066
7425406
7425696
7425730
7426307
7426623
7427273
7427535
7427558
7428186
7428209
7428566
7428697
7428701
7429255
7429349
7429766
7429822
7430350
7430433
7430874
7430924
7430998
7431455
7431834
7431853
7431976
7432283
7432487
7432682
7432859
7433326
7434014
7434167
7434444
7434639
7434706
7434755
7434798
7435071
7435293
7435359
7435505
7435712
7435836
7435848
7436189
7436319
7436359
7436417
7436976
7437336
7437445
7437954
7438561
7439079
7439118
7439458
7439574
7440060
7440644
7441033
7441707
7442262
7442398
7442725
7442802
7443539
7443583
7444119
7444189
7444333
7444508
7444553
