8725524
8725538
8725733
8725829
8725876
8725942
8726453
8726852
8727077
8727661
8727821
8728256
8728829
8729347
8729566
8729821
8730002
8730153
8730926
8731461
8731666
8731888
8732159
8732699
8732956
8733013
8733615
8734459
8735874
8736174
8736297
8736301
8736698
8736968
8737427
8737622
8737781
8737884
8738080
8739197
8739588
8739895
8740161
8740467
8740684
8740825
8740836
8740928
8741168
8741527
8741650
8741789
8741790
8741986
8742200
8742461
8742609
8742640
8742892
8743217
8744144
8744199
8744279
8744451
8744524
8744631
8744702
8745172
8745467
8745470
8745538
8745633
8745797
8745998
8746866
8747027
8747216
8747614
8748533
8748643
8749842
8750177
8751105
8751301
8751403
8751534
8751720
8753897
8754070
8754164
8754190
8754567
8754608
8754783
8756680
8757335
8757362
8758073
8758821
8758902
