1001663
1001790
1001935
1002010
1002047
1002057
1002134
1002206
1002208
1002217
1002226
1002278
1002389
1002421
1002422
1002453
1002499
1002517
1002595
1002682
1002799
1003021
1003137
1003155
1003159
1003297
1003338
1003357
1003592
1003709
1004065
1004089
1004125
1004172
1004285
1004293
1004335
1004488
1004523
1004635
1004642
1004685
1004759
1004781
1004865
1004869
1004890
1005295
1005319
1005372
1005407
1005447
1005450
1005522
1005559
1005651
1005691
1006030
1006039
1006137
1006205
1006552
1006902
1007266
1007432
1007618
1007632
1007824
1008065
1008078
1008189
1008236
1008244
1008363
1008371
1008374
1008389
1008482
1008512
1008526
1008534
1008580
1008587
1008601
1008634
1008653
1008657
1008737
1008762
1008873
1008923
1008988
1009012
1009130
1009143
1009157
1009210
1009267
1009422
1009449
