673056
673164
673182
673314
673352
673368
673596
673679
673821
674021
674114
674131
674173
674267
674835
674974
675005
675066
675290
675363
675825
675834
676000
676037
676189
676265
676320
676357
676396
676491
676492
676532
676720
676761
676855
676942
677094
677119
677156
677298
677343
677365
677374
677378
677489
677607
677646
678049
678108
678252
678303
678368
678385
678520
678524
678919
678994
679016
679025
679061
679134
679152
679187
679330
679489
679596
679629
679665
679723
679817
679826
679876
680238
680308
680315
680372
680389
680484
680729
680908
681190
681450
681477
681520
681689
681817
681834
681853
682177
682404
682412
682494
682527
682681
682684
682811
682979
683083
683093
683294
