5124472
5124500
5124517
5124643
5124671
5124789
5124826
5124957
5125298
5125579
5125600
5125643
5125856
5126172
5126319
5126402
5126441
5126624
5126806
5127032
5127239
5127275
5127640
5128185
5128242
5128274
5128313
5128436
5128499
5128554
5129047
5129169
5129379
5129823
5129888
5129938
5130176
5130667
5130859
5131137
5131139
5131328
5131604
5131664
5131812
5131814
5131943
5132475
5132494
5132501
5132592
5132706
5132718
5132726
5132955
5133013
5133016
5133049
5133115
5133251
5133325
5133466
5133562
5133759
5133849
5133890
5133930
5134332
5134440
5134519
5134668
5134687
5134957
5135114
5135293
5135498
5135527
5135558
5135637
5135746
5135772
5136088
5136292
5136467
5136670
5136856
5137023
5137040
5137201
5137233
5138055
5138197
5138425
5138631
5138661
5138682
5138715
5138895
5138910
5139068
