19934181
19936752
19936939
19938380
19943085
19943718
19945541
19945549
19945650
19945862
19947517
19947534
19947775
19951313
19951512
19951609
19952040
19952940
19952970
19953498
19953978
19954031
19955546
19956087
19958851
19960058
19960378
19962014
19962087
19962334
19962798
19963354
19963493
19964401
19965191
19965565
19967103
19968654
19968720
19973566
19973658
19974964
19976214
19976656
19977977
19979309
19979753
19981117
19982479
19984237
19985160
19986714
19987157
19987437
19987986
19988452
19988715
19989573
19990009
19991259
19991652
19992283
19992390
19993635
19994506
19995869
19995959
19996447
19997171
19997559
20000302
20000528
20000908
20001213
20001274
20005714
20007790
20008030
20008606
20008703
20008813
20008915
20009278
20009410
20010817
20011424
20011882
20012489
20012941
20013116
20013269
20013716
20014536
20016730
20018688
20019551
20020315
20023116
20024198
20025139
