4831540
4831541
4831542
4831544
4831545
4831546
4831647
4831727
4831794
4831827
4832158
4832236
4832298
4832606
4832914
4832951
4832958
4832968
4833205
4833251
4833267
4833300
4833343
4833386
4833787
4833918
4834110
4834263
4834289
4834317
4834357
4834411
4834959
4835662
4835795
4835932
4836381
4836611
4836695
4837444
4837604
4837643
4837792
4837928
4838261
4838609
4838880
4839049
4839142
4839154
4839356
4839381
4839641
4839685
4839734
4839844
4839975
4840200
4840208
4840285
4840833
4840925
4841152
4841284
4841300
4841614
4841647
4842000
4842195
4842277
4842428
4842432
4842438
4842440
4842442
4842449
4842451
4842453
4842454
4842455
4842456
4842457
4842458
4842460
4842462
4842465
4842468
4842486
4842555
4842556
4842688
4842692
4842710
4842711
4842712
4842714
4842715
4842722
4842809
4842963
