39139303
39142018
39142696
39143400
39143867
39146309
39147397
39148249
39149501
39149762
39155818
39156114
39156451
39159162
39159847
39167726
39169669
39169769
39171739
39172078
39172170
39173004
39173936
39173970
39175326
39175446
39178503
39178650
39179517
39181986
39182176
39182496
39182794
39184876
39188017
39188834
39189014
39189020
39192532
39194267
39196168
39198361
39200017
39201683
39206757
39208679
39210081
39212851
39214608
39215754
39217309
39218310
39224071
39224951
39229891
39233517
39235835
39236731
39237102
39238176
39238586
39241538
39242034
39244054
39244898
39246231
39246501
39247329
39248142
39248550
39248722
39249858
39252762
39252850
39258242
39261015
39262260
39262788
39263662
39264419
39265598
39266364
39267295
39267924
39268116
39278251
39278416
39280416
39281612
39283629
39283700
39284388
39286630
39290071
39291491
39294427
39296572
39299978
39300533
39300644
