1444823
1444873
1444877
1444907
1444930
1444989
1445043
1445048
1445370
1445456
1445462
1445531
1445569
1445597
1445609
1445642
1445658
1445709
1445743
1445804
1445827
1445873
1445930
1446086
1446147
1446186
1446225
1446303
1446304
1446392
1446397
1446527
1446619
1446791
1446975
1447060
1447166
1447216
1447390
1447597
1447636
1447759
1447860
1447864
1447898
1447926
1447973
1447982
1448094
1448151
1448292
1448400
1448538
1448602
1448668
1448759
1448781
1448935
1448969
1449036
1449148
1449287
1449299
1449652
1449877
1449890
1450069
1450142
1450240
1450269
1450347
1450471
1450550
1450591
1450747
1450749
1450967
1451135
1451195
1451214
1451282
1451309
1451591
1451773
1451850
1451884
1451994
1452284
1452306
1452514
1452567
1452593
1452932
1453081
1453171
1453192
1453376
1453473
1453572
1453805
