2395315
2395368
2395658
2395666
2396013
2396020
2396300
2396569
2396634
2396730
2396731
2396785
2396855
2396866
2396893
2396944
2397172
2397353
2397492
2397646
2397655
2397986
2398121
2398974
2398975
2398976
2398990
2399084
2399088
2399090
2399101
2399109
2399112
2399115
2399121
2399133
2399228
2399324
2399339
2399345
2399453
2399499
2399882
2399904
2399919
2400068
2400071
2400076
2400098
2400124
2400145
2400462
2400503
2400521
2400763
2401014
2401772
2401865
2401935
2401992
2402040
2402420
2402478
2402576
2402628
2402759
2402908
2402939
2403108
2403221
2403465
2403508
2403581
2403665
2403850
2403952
2404426
2404463
2404478
2404531
2404578
2404657
2404703
2404715
2404749
2404759
2404802
2404884
2404903
2404989
2405025
2405190
2405241
2405290
2405372
2405432
2405479
2405489
2405542
2405587
