40940978
40942214
40942822
40952692
40954007
40957641
40961907
40962090
40963067
40970303
40970579
40976073
40981921
40982875
40984316
40986511
40987796
40988111
40988171
40989319
40991157
40992268
40996594
40997294
40998229
41004669
41004858
41005101
41011419
41014866
41015437
41015497
41015632
41020805
41023594
41025573
41027970
41029370
41029497
41033022
41037212
41037515
41038486
41039931
41047267
41052094
41054851
41054925
41055439
41057469
41057736
41067664
41068394
41072944
41074505
41074893
41076476
41078166
41085219
41085368
41087106
41089592
41089677
41094123
41096793
41097880
41100356
41102135
41102143
41106205
41115110
41125620
41127708
41128737
41131169
41132169
41132392
41133986
41137286
41139034
41140064
41145122
41145157
41148114
41149828
41156532
41157828
41160764
41160817
41161707
41162192
41164737
41167303
41172185
41172795
41175766
41178177
41180346
41181077
41182200
