9783239
9783896
9784017
9784476
9784928
9785051
9786093
9786828
9786874
9787521
9787914
9788808
9792335
9792887
9792976
9793119
9793143
9793277
9793486
9793785
9794154
9794671
9795176
9795957
9795981
9796295
9796387
9796811
9796833
9796847
9797073
9797828
9798303
9798348
9798591
9798670
9798991
9799066
9799194
9799984
9800060
9800596
9800675
9800751
9800916
9801371
9801479
9802275
9802475
9802552
9802655
9802670
9802703
9802712
9803858
9803973
9805533
9805955
9806151
9806346
9806411
9806584
9806586
9807008
9807823
9808441
9809264
9809474
9809518
9809553
9809643
9809843
9809982
9810322
9811552
9811772
9812195
9812228
9812254
9812470
9812798
9812996
9814165
9814613
9815159
9815256
9815659
9816167
9816255
9816736
9817190
9817301
9817760
9817804
9818760
9818934
9818989
9820688
9821083
9821417
