8069966
8070218
8070307
8070445
8070685
8071380
8071991
8072436
8072711
8072831
8072841
8072934
8073101
8073108
8073825
8074112
8074704
8075091
8075093
8075132
8075180
8075261
8075343
8075507
8075797
8076292
8076300
8076662
8076800
8077029
8077474
8077568
8077620
8077951
8078013
8078100
8078114
8078547
8079014
8079561
8080082
8080238
8080345
8080368
8080444
8080557
8080650
8080666
8081538
8081906
8081928
8081982
8082107
8082303
8082450
8083137
8083434
8083557
8083573
8083579
8083914
8083977
8084224
8084614
8084861
8085038
8085074
8085519
8085803
8085919
8085926
8085971
8086252
8086276
8086713
8087273
8087466
8087575
8087648
8087848
8088817
8088996
8089858
8091377
8091384
8091502
8091627
8091681
8091718
8092453
8092483
8092485
8092899
8092900
8093047
8093317
8093546
8094005
8094119
8094344
