7444717
7445025
7445634
7445749
7445774
7446589
7446851
7446991
7447083
7447185
7447278
7447456
7447492
7447892
7448068
7448071
7448687
7449061
7449379
7449589
7449812
7450005
7450083
7450209
7450225
7450414
7450668
7451042
7451110
7451118
7451423
7451478
7451809
7451927
7453218
7453234
7453597
7453669
7453866
7454189
7454233
7454839
7454981
7455079
7455370
7455440
7455451
7455594
7455921
7456407
7456632
7456758
7456812
7456831
7456953
7457019
7457161
7457555
7457596
7458259
7458429
7458743
7458926
7459050
7459771
7460035
7460177
7460296
7460484
7460806
7460908
7460915
7461622
7461776
7462204
7462278
7462592
7462814
7462986
7463269
7463408
7463465
7463525
7463738
7463947
7464052
7464377
7464768
7465377
7465415
7465681
7465946
7466622
7466713
7466718
7467171
7467439
7467514
7468038
7468201
