1437353
1437471
1437477
1437574
1437583
1437599
1437633
1437675
1437702
1437732
1437744
1437757
1437802
1437845
1437846
1437937
1437994
1438109
1438121
1438175
1438270
1438345
1438422
1438476
1438507
1438663
1438730
1438758
1438811
1438844
1439014
1439371
1439745
1439809
1439934
1439994
1440097
1440146
1440150
1440151
1440155
1440266
1440353
1440398
1440436
1440493
1440539
1440573
1440736
1440872
1440987
1441109
1441117
1441162
1441167
1441193
1441211
1441229
1441516
1441532
1441607
1441652
1441694
1441726
1441742
1441799
1442066
1442087
1442136
1442196
1442227
1442240
1442356
1442535
1442624
1442740
1442764
1442906
1443044
1443147
1443157
1443218
1443249
1443606
1443633
1443866
1443952
1443970
1444008
1444037
1444090
1444272
1444439
1444469
1444493
1444495
1444709
1444718
1444725
