1541967
1542132
1542294
1542334
1542386
1542446
1542509
1542554
1542572
1542614
1542740
1542774
1542877
1543168
1543603
1543701
1543758
1543773
1543847
1543990
1544076
1544156
1544279
1544440
1544535
1544552
1544555
1544572
1544577
1544896
1545101
1545148
1545235
1545337
1545576
1545603
1545643
1545867
1545908
1546111
1546213
1546243
1546297
1546330
1546353
1547058
1547119
1547137
1547281
1547392
1547550
1547555
1547672
1547725
1547822
1547942
1548030
1548072
1548410
1548866
1548937
1549265
1549359
1549423
1549620
1549771
1549860
1550035
1550058
1550137
1550297
1550301
1550361
1550425
1550887
1551091
1551173
1551267
1551292
1551322
1551337
1551450
1551807
1551815
1552032
1552140
1552164
1552169
1552211
1552345
1552406
1552557
1552791
1553500
1553512
1553849
1554010
1554143
1554168
1554210
