574849
574950
574957
575083
575290
575426
575464
575478
575513
575588
575741
575801
575806
575857
575939
576019
576291
576491
576497
576557
576605
576757
576787
577084
577550
577739
577793
577927
578009
578136
578156
578212
578339
578375
578439
578513
578544
578623
578650
578658
578793
578796
578891
578974
579201
579599
579995
580165
580400
580759
580841
580933
581040
581080
581096
581166
581237
581258
581453
581752
581775
582023
582240
582310
582639
582704
582777
582859
582902
583092
583112
583333
583597
583649
583850
583900
584037
584043
584048
584294
584355
584440
584609
584814
584929
585044
585364
586003
586161
586208
586213
586237
586276
586580
586649
586659
586696
586727
587064
587247
