6790642
6791675
6791938
6792067
6792079
6792249
6792841
6793277
6793297
6793418
6793861
6794100
6795777
6796856
6797091
6797892
6798069
6798848
6799583
6799911
6800270
6801127
6801201
6801262
6802419
6802923
6803820
6804378
6804419
6804502
6804650
6805834
6806190
6809602
6809607
6809786
6809953
6810492
6810640
6811202
6811279
6811775
6812543
6812994
6813229
6813612
6814311
6814510
6814531
6814618
6816861
6817129
6817467
6817734
6817792
6817818
6817819
6817865
6817971
6817986
6818032
6818322
6819105
6819121
6819206
6819702
6819849
6820027
6820090
6820212
6820376
6820487
6821498
6821637
6821912
6822659
6823369
6824106
6824232
6824405
6824456
6824760
6824927
6825283
6825950
6826174
6826310
6827064
6827182
6827672
6827816
6827903
6828395
6828480
6829466
6829709
6830382
6830773
6832770
6833452
