1431289
1431578
1431679
1431699
1431828
1431951
1431975
1432019
1432412
1432415
1432481
1432545
1432692
1432694
1432709
1432735
1432854
1432883
1432893
1432897
1432902
1432926
1432997
1433105
1433115
1433251
1433252
1433262
1433360
1433431
1433589
1433603
1433627
1433630
1433644
1433696
1433747
1433837
1434166
1434256
1434267
1434354
1434388
1434513
1434613
1434712
1434851
1434892
1434969
1435006
1435034
1435041
1435046
1435052
1435103
1435153
1435166
1435218
1435316
1435359
1435379
1435481
1435504
1435516
1435575
1435642
1435702
1435722
1435776
1435900
1436037
1436130
1436144
1436174
1436213
1436244
1436247
1436268
1436344
1436349
1436357
1436414
1436447
1436449
1436508
1436531
1436576
1436620
1436630
1436811
1436852
1436888
1436972
1436994
1437025
1437033
1437104
1437120
1437185
1437278
