4492892
4492931
4493259
4493308
4493347
4493617
4493692
4493872
4494008
4494141
4494211
4494218
4494348
4494385
4494874
4495035
4495331
4495589
4495895
4496197
4496380
4496538
4496568
4496595
4496600
4496999
4497324
4497341
4497543
4497648
4497674
4497729
4497783
4498050
4498704
4498781
4499021
4499070
4499230
4499588
4499687
4499817
4499829
4499850
4500433
4500587
4500618
4500635
4500760
4500783
4500791
4500800
4500802
4500811
4500815
4500867
4500967
4501004
4501013
4501015
4501017
4501064
4501408
4501428
4501614
4501765
4501782
4501923
4502273
4502427
4502634
4502680
4503001
4503349
4503453
4503473
4503539
4503545
4503750
4503815
4503974
4504210
4504793
4504876
4504951
4505146
4505199
4505252
4505423
4505555
4505615
4505897
4505968
4506078
4506138
4506451
4506752
4506879
4506931
4507398
