1405068
1405104
1405162
1405212
1405293
1405338
1405368
1405437
1405447
1405910
1406093
1406171
1406232
1406268
1406283
1406437
1406509
1406685
1406811
1406845
1406908
1407006
1407016
1407058
1407583
1407612
1407628
1407629
1407712
1407824
1407863
1407871
1407884
1407967
1408143
1408252
1408260
1408338
1408364
1408455
1408740
1408762
1409301
1409316
1409377
1409398
1409406
1409426
1409510
1409547
1409851
1409903
1410084
1410120
1410175
1410180
1410335
1410404
1410423
1410545
1410579
1410803
1410842
1410845
1411135
1411174
1411473
1411563
1411614
1411831
1411857
1411885
1411887
1411908
1411960
1411974
1412048
1412137
1412189
1412287
1412395
1412404
1412682
1412803
1412850
1412851
1412944
1413023
1413094
1413175
1413296
1413406
1413416
1413439
1413487
1413515
1413603
1413629
1413737
1413857
