3753091
3753280
3753362
3753425
3753428
3753503
3753862
3753927
3754108
3754289
3754297
3754370
3754562
3754644
3754688
3754690
3754733
3754936
3755091
3755318
3755328
3755332
3755413
3755720
3755847
3756062
3756308
3756361
3756559
3756587
3756911
3757556
3757630
3757825
3758088
3758346
3758960
3759007
3759033
3759034
3759093
3759243
3759334
3759347
3759700
3759794
3759864
3759963
3760308
3760718
3760837
3760858
3760980
3761245
3761462
3761607
3762055
3762069
3762821
3762974
3762989
3763239
3763467
3763928
3764039
3764071
3764648
3764681
3764700
3765161
3765441
3765605
3765764
3766179
3766199
3766446
3766744
3766907
3767000
3767288
3767399
3767407
3767451
3767574
3767742
3767936
3768835
3768865
3768910
3768991
3769098
3769105
3769278
3769353
3769363
3769476
3769533
3769534
3770266
3770298
