3481675
3482173
3482317
3482504
3482614
3482735
3482808
3482898
3483907
3484049
3484055
3484477
3484606
3484671
3484865
3484907
3485119
3485236
3485266
3485299
3485358
3485377
3485457
3485559
3485629
3485700
3485935
3485949
3486062
3486143
3486163
3486644
3486660
3487021
3487688
3487888
3487966
3488372
3488657
3488793
3488807
3489102
3489161
3489293
3489688
3489804
3489905
3490416
3490507
3490553
3490668
3490926
3490954
3491133
3491184
3491365
3491395
3491563
3492217
3492494
3493114
3493314
3493333
3493727
3493893
3493901
3494510
3494955
3495057
3495145
3495515
3495531
3495569
3495628
3495899
3495918
3496344
3496436
3496593
3496829
3497307
3497361
3497378
3497398
3497455
3497760
3497882
3498000
3498320
3498614
3498655
3498716
3498901
3499044
3499143
3499742
3499754
3499940
3500026
3500032
