8151441
8152102
8152309
8152433
8152596
8152698
8152701
8152813
8153210
8153589
8153673
8153703
8153785
8154120
8154266
8154495
8154541
8154611
8154630
8154896
8155196
8155815
8156007
8156745
8156871
8157008
8157031
8157161
8157711
8158229
8158238
8158530
8158675
8158884
8158995
8159273
8159315
8159627
8160743
8160785
8160811
8161082
8161405
8161440
8161537
8161863
8162396
8162701
8162778
8162972
8163045
8163380
8163491
8163633
8163722
8163781
8164399
8165088
8165584
8166044
8166218
8166435
8166597
8166657
8167423
8167921
8168105
8168129
8168475
8168485
8168564
8168687
8168714
8168766
8168798
8168803
8168888
8168915
8169031
8169104
8169450
8169601
8170554
8170648
8172149
8172159
8172315
8172892
8173037
8173315
8173476
8173619
8173926
8174639
8174860
8174886
8175237
8175943
8176803
8177078
