15069087
15069227
15069666
15070229
15070288
15071551
15072397
15073375
15073385
15073412
15074087
15074174
15077601
15078490
15078737
15078747
15078834
15079216
15079240
15079614
15080042
15080173
15081150
15081920
15082534
15082933
15083675
15083728
15083760
15084301
15084971
15085128
15085739
15086287
15086646
15086862
15087243
15087306
15087498
15087975
15088493
15088717
15089613
15089930
15090826
15091832
15092908
15093549
15094524
15095470
15095517
15096883
15097618
15097685
15099487
15100678
15101076
15101709
15104106
15106437
15107466
15107752
15107833
15107949
15108601
15109446
15109854
15110364
15110793
15110949
15111048
15112156
15113262
15113280
15113495
15114070
15114225
15114606
15115981
15117466
15118189
15118485
15118720
15119372
15122913
15123967
15124971
15125431
15126449
15126691
15127369
15127450
15129812
15130350
15131201
15131202
15133256
15133537
15135308
15135322
