833865
833921
833988
834054
834060
834117
834219
834243
834245
834246
834383
834432
834472
834560
834569
834624
834757
834779
834802
835036
835127
835137
835241
835390
835451
835684
835715
835753
835770
835897
835953
836085
836122
836134
836138
836167
836260
836332
836414
836416
836489
836540
836676
836772
836843
836938
837056
837162
837423
837481
837532
837611
837645
837705
837710
837736
837751
837757
837787
837937
838036
838071
838114
838162
838196
838203
838231
838325
838705
838758
838823
838925
838985
839205
839211
839239
839250
839422
839690
839792
839902
839931
839954
839958
840033
840124
840222
840223
840241
840267
840526
840656
840716
841095
841173
841181
841445
841680
841828
842083
