2344872
2344920
2345224
2345332
2345462
2345899
2346073
2346207
2346284
2346594
2346925
2347018
2347116
2347370
2347561
2347589
2347619
2347635
2347718
2347821
2347926
2347986
2348181
2348196
2348198
2348347
2348489
2348750
2349036
2349088
2349145
2349507
2349549
2349551
2349662
2349694
2349826
2350117
2350151
2350373
2350447
2350953
2351429
2351607
2351656
2351822
2351885
2352100
2352133
2352322
2352409
2352744
2352861
2352876
2352995
2353235
2353250
2353388
2353416
2353427
2353460
2353594
2353667
2353681
2353728
2353902
2354008
2354305
2354468
2354903
2354981
2355206
2355539
2355624
2355647
2355654
2355660
2355738
2355760
2356098
2356174
2356205
2356257
2356352
2356389
2356405
2356528
2356634
2356744
2356949
2357003
2357032
2357113
2357298
2357354
2357400
2357465
2357498
2357535
2358115
