9187707
9187712
9188292
9188368
9188545
9189482
9189632
9190759
9190824
9191463
9192162
9192302
9194070
9194152
9194177
9194556
9195023
9195085
9195383
9196869
9197449
9197611
9197926
9198006
9198037
9198120
9198121
9198404
9198521
9198725
9198766
9199264
9200352
9201191
9201662
9202120
9202401
9202505
9202849
9202884
9203207
9203237
9203482
9203514
9203900
9204770
9205532
9205994
9206688
9206791
9207051
9207645
9207961
9208652
9208727
9208873
9208986
9209751
9210337
9210574
9210581
9210808
9211312
9211996
9212288
9212644
9212747
9212919
9213246
9214083
9214172
9214961
9215187
9216188
9216884
9216921
9218083
9218218
9218353
9218728
9219179
9219484
9219757
9219861
9220060
9220220
9220743
9222923
9223069
9223347
9223392
9223489
9223967
9225018
9225614
9225859
9225894
9226527
9226629
9226722
