30541833
30542999
30547205
30547518
30550720
30551038
30552083
30553099
30554129
30554590
30554664
30554827
30555193
30556892
30557003
30557279
30557637
30561227
30563664
30563722
30564478
30565292
30566226
30569139
30571074
30571388
30572085
30573225
30575153
30575506
30577194
30579353
30579389
30579564
30581626
30583924
30585335
30587956
30591106
30595647
30596431
30597142
30598905
30599735
30603042
30604003
30607058
30612084
30613228
30613369
30615981
30617390
30619840
30621583
30622188
30624197
30626167
30627344
30628350
30628808
30629298
30629332
30629339
30631568
30631601
30633197
30634469
30635205
30636808
30636933
30638398
30639457
30639488
30640642
30643383
30646402
30647668
30648727
30649831
30653486
30656470
30657007
30657695
30658928
30660511
30660829
30662558
30662760
30662783
30663056
30664099
30666799
30669776
30672228
30673449
30675914
30676305
30676771
30677857
30679422
