6472155
6472184
6472696
6472940
6473076
6473525
6473561
6473590
6473963
6474146
6474280
6474674
6475297
6475301
6475354
6475896
6476494
6476867
6477000
6477567
6478095
6478134
6478840
6479202
6479393
6479420
6479660
6479709
6480019
6481128
6481501
6481531
6481950
6482043
6482341
6482496
6482836
6483009
6483403
6484067
6484430
6484540
6484725
6485446
6485662
6485777
6485830
6486646
6486944
6488041
6489828
6489864
6490155
6490759
6490828
6491059
6491116
6491258
6491761
6491890
6492273
6492546
6492698
6492852
6492906
6493125
6493667
6494758
6495378
6495849
6496789
6497029
6497049
6497448
6497662
6497753
6498010
6498862
6498935
6500041
6500342
6501487
6502028
6503211
6503627
6503691
6504004
6504086
6504379
6504528
6504667
6504871
6507386
6507922
6508237
6508516
6508575
6508617
6508943
6508970
