21659491
21660816
21661601
21663195
21664571
21665180
21668594
21668681
21671406
21671607
21672198
21672953
21673706
21673821
21674217
21674488
21674821
21675941
21676298
21676700
21677819
21678181
21678290
21678797
21679420
21679456
21680539
21681042
21681144
21683735
21684211
21684640
21684959
21686309
21686965
21687030
21687362
21687808
21690996
21691379
21693097
21693381
21694244
21694853
21694876
21697506
21698480
21698949
21699027
21699273
21699491
21699836
21700461
21701100
21702146
21702565
21702570
21703019
21703557
21705717
21706362
21707018
21707184
21707288
21707881
21708107
21708211
21708947
21709538
21709794
21710753
21711736
21711833
21711889
21712057
21712546
21714729
21714769
21716044
21716326
21717379
21717465
21717564
21717742
21720202
21720607
21723802
21724996
21725262
21726796
21727234
21728335
21728581
21729008
21729064
21729307
21730548
21732261
21733908
21734698
