8470291
8470316
8470350
8470447
8470784
8471099
8471393
8471413
8472410
8472460
8472488
8472732
8472740
8473023
8473061
8473267
8473891
8473971
8474625
8474835
8474936
8475009
8475109
8475210
8475491
8475848
8476058
8476191
8476341
8476414
8476594
8477109
8477298
8477648
8477673
8477691
8477758
8478448
8479379
8479454
8479802
8480027
8480120
8480343
8480745
8481025
8482540
8484754
8485233
8485857
8486731
8487046
8487342
8487508
8487731
8487732
8487903
8488341
8488495
8489050
8489155
8489275
8489572
8489612
8489873
8489888
8490153
8490251
8490368
8491232
8491470
8492051
8492413
8492488
8492630
8492714
8493041
8493418
8493426
8493538
8493835
8494212
8494228
8494609
8494692
8494856
8495094
8495282
8495502
8495554
8496152
8496167
8496780
8497563
8499000
8499869
8500017
8500193
8500208
8500952
