31635085
31636980
31640923
31642133
31646601
31646974
31650522
31654209
31654308
31656997
31659662
31661407
31663084
31665616
31667164
31670283
31670447
31670523
31670797
31670846
31671472
31671808
31672654
31674035
31677185
31677312
31677947
31680579
31681313
31681356
31683435
31683446
31687770
31688560
31692971
31695458
31695986
31697082
31697493
31698938
31699883
31700137
31701775
31703182
31703256
31706090
31707484
31708103
31709022
31709678
31709875
31711267
31712318
31712517
31713071
31714994
31715793
31716008
31718029
31718831
31721718
31724906
31725538
31727836
31729505
31730837
31733982
31734003
31736517
31737416
31737508
31737609
31737673
31738407
31738471
31738724
31738963
31740914
31741466
31742023
31743120
31745349
31746559
31748930
31749368
31750342
31752862
31754709
31755085
31755481
31756346
31758164
31758328
31758490
31759448
31760057
31762015
31766191
31767246
31767997
