888447
888453
888544
888652
888749
888773
888798
888952
888966
889029
889077
889083
889171
889284
889290
889293
889398
889413
889429
889434
889539
889619
889626
889644
889742
889863
890054
890121
890374
890550
890599
890685
890704
890785
890818
890937
890971
890997
891013
891151
891253
891324
891502
891540
891573
891680
891812
891828
892324
892339
892498
892507
892523
892568
892571
892724
892756
892785
893039
893079
893092
893241
893337
893381
893497
893672
893678
893686
893744
893843
893921
894073
894079
894332
894384
894387
894395
894462
894541
894547
894751
894796
894831
894859
894879
894883
894888
894942
895114
895115
895225
895301
895306
895498
895690
895954
895973
896060
896080
896089
