1966444
1966481
1966688
1966729
1966735
1966737
1967126
1967273
1967355
1967409
1967451
1967562
1967567
1967853
1968295
1968420
1968772
1968826
1968986
1968994
1969127
1969199
1969234
1969357
1969584
1969654
1969797
1969870
1970340
1970552
1970926
1970928
1970934
1970945
1971037
1971154
1971192
1971600
1971783
1972008
1972057
1972188
1972312
1972392
1972529
1972614
1972680
1973090
1973507
1973626
1974052
1974308
1974366
1974397
1974500
1974516
1974630
1974636
1974758
1974796
1974879
1975014
1975279
1975338
1975496
1975653
1975655
1975723
1975943
1976057
1976062
1976167
1976288
1976394
1976470
1976545
1976594
1976636
1976656
1976708
1976885
1977104
1977204
1977551
1977791
1978019
1978024
1978113
1978135
1978776
1978777
1979244
1979306
1979331
1979354
1979397
1979406
1979531
1979568
1979724
