4363386
4363998
4364054
4364229
4364614
4364698
4364726
4364978
4365104
4365117
4365141
4365983
4366014
4366222
4366225
4366250
4366520
4366550
4366625
4366731
4366758
4366790
4366801
4367126
4367250
4367400
4367469
4367495
4367585
4368625
4368960
4369005
4369067
4369505
4369542
4369642
4369886
4369973
4370151
4370157
4370161
4370193
4370489
4370599
4370808
4370934
4371177
4371564
4371569
4371625
4371658
4371695
4372123
4372138
4372171
4372581
4372770
4372964
4373284
4373372
4373585
4373977
4374470
4374523
4374532
4374614
4374638
4374772
4374845
4374997
4375093
4375121
4375260
4375671
4375705
4375729
4375774
4376483
4376558
4376590
4377084
4377196
4377207
4377312
4377358
4377658
4377676
4377854
4378134
4378155
4378259
4378273
4378324
4378423
4378455
4378516
4378535
4378673
4378692
4378990
