7932258
7932410
7932444
7932542
7932839
7933304
7933617
7934471
7935186
7935551
7935598
7935600
7935647
7936466
7936722
7937066
7937215
7937374
7937810
7937897
7938117
7938157
7938193
7938533
7939537
7939658
7939671
7939696
7939852
7940238
7941655
7941759
7942105
7942123
7942198
7942264
7942270
7942312
7942572
7942878
7943050
7943172
7944506
7944537
7945213
7945558
7946461
7946844
7947025
7947259
7947343
7947540
7947917
7948007
7948013
7948040
7948722
7949350
7949662
7949671
7949985
7950144
7950414
7950440
7950553
7950608
7950728
7950744
7950877
7950976
7951099
7951718
7951783
7951847
7952077
7952130
7952631
7952798
7953191
7953241
7953276
7953963
7954281
7954329
7954487
7954514
7954524
7954531
7954543
7954853
7954966
7955104
7955201
7955867
7956845
7956928
7957032
7957091
7957496
7958069
