75428
75491
75574
75671
75695
75708
75845
75853
75951
76116
76167
76257
76535
76607
76846
76962
77163
77171
77226
77476
77724
77791
77824
77955
78117
78204
78503
78670
78799
78833
78860
78911
78921
78928
78978
79085
79105
79248
79482
79483
79549
79559
79571
79604
79700
80026
80218
80287
80458
80651
80674
80722
80794
80796
81034
81113
81150
81190
81211
81308
81317
81360
81439
81576
81732
81887
82020
82246
82408
82424
82443
82523
82539
82601
82829
82859
82878
82888
83026
83042
83064
83200
83236
83325
83377
83379
83476
83570
83582
83663
83799
83843
84023
84038
84099
84100
84170
84233
84317
84437
