5604583
5604700
5605506
5605708
5605711
5605716
5606025
5606053
5606136
5606221
5606237
5606360
5606754
5606887
5606932
5606933
5606955
5607310
5607349
5607433
5607598
5607685
5607758
5607916
5608232
5608332
5608388
5608474
5608582
5608792
5608826
5608879
5608990
5609095
5609173
5609295
5609382
5609405
5609464
5609636
5610003
5610258
5610349
5610465
5610840
5610886
5611008
5611063
5611203
5611273
5611504
5611785
5611787
5612318
5612399
5612952
5612956
5613014
5613855
5614044
5614351
5614490
5614595
5614669
5614943
5614985
5615127
5615188
5615244
5615742
5615970
5616136
5616311
5616795
5617175
5617245
5617744
5617748
5617926
5618021
5618248
5618283
5618459
5618479
5618775
5618917
5619527
5619545
5619811
5620137
5620425
5620952
5621033
5621040
5621408
5621469
5621893
5622666
5622863
5623131
