13958700
13958911
13959080
13959301
13959904
13960903
13960920
13961390
13961989
13963235
13963818
13964014
13964451
13964696
13965379
13966083
13966094
13966392
13966993
13968095
13968898
13969397
13970688
13971803
13972228
13974130
13974219
13974730
13975238
13975465
13976167
13976578
13976631
13976752
13978199
13979401
13980299
13981244
13981498
13981958
13982561
13982886
13983237
13984418
13984977
13984982
13985004
13986991
13987115
13988252
13988289
13988300
13988443
13990178
13990609
13992137
13992437
13992608
13992800
13992916
13993648
13993694
13994087
13994640
13995071
13995415
13996734
13997926
13998364
13998703
13999273
14000444
14001967
14002387
14003113
14003929
14004103
14004207
14004476
14004772
14004959
14005109
14005663
14006335
14006543
14006804
14007253
14007263
14007497
14007912
14008084
14008600
14008618
14008940
14009973
14010208
14011578
14011585
14012205
14012685
