2421276
2421452
2421895
2421966
2421998
2422012
2422014
2422104
2422183
2422242
2422429
2422515
2422872
2423055
2423058
2423078
2423103
2423216
2423240
2423283
2423336
2423513
2423624
2423646
2423887
2423985
2424083
2424212
2424444
2424461
2424462
2424551
2424608
2424893
2425042
2425448
2425477
2426157
2426596
2426662
2426739
2426939
2427014
2427478
2427568
2427708
2427819
2428678
2429106
2429327
2429585
2429763
2429839
2429935
2429955
2430034
2430433
2430465
2430529
2430663
2430675
2431069
2431162
2431183
2431195
2431352
2431486
2431737
2431961
2432267
2432382
2433678
2433713
2433801
2433885
2433905
2434036
2434351
2434369
2434590
2434680
2434698
2435020
2435177
2435264
2435270
2435272
2435483
2435565
2436105
2436182
2436192
2436262
2436418
2436684
2436692
2436748
2436914
2436919
2436969
