35888775
35890835
35893716
35896222
35900881
35901488
35901559
35901565
35902216
35905260
35910058
35912002
35915695
35915982
35916023
35918111
35920548
35920737
35920741
35921960
35923915
35924237
35924599
35924710
35926431
35927339
35928469
35931459
35931700
35932983
35937968
35940626
35945878
35947576
35948397
35949687
35951551
35951612
35952236
35953234
35956616
35956915
35957549
35959072
35959242
35959911
35962790
35969057
35972510
35975531
35976720
35976839
35977385
35981762
35983609
35983984
35989305
35991021
35991990
35993994
35995024
35995419
35997343
36000264
36001897
36004798
36005161
36012413
36012909
36014194
36015372
36016451
36018935
36020239
36021791
36023841
36024710
36025479
36027634
36027958
36030386
36031241
36031346
36031994
36032798
36034133
36038058
36038141
36039021
36042743
36045282
36045321
36049701
36049885
36050039
36050315
36050716
36052853
36054190
36055082
