216126
216269
216383
216457
216458
216711
217203
217247
217272
217524
217602
217612
217722
217759
217780
217828
217847
217848
217916
218106
218114
218418
218489
218555
218583
218927
219109
219150
219236
219286
219439
219499
219566
219670
219713
219723
219748
219905
219997
220051
220115
220238
220401
220545
220569
220724
220864
220874
220949
220972
220975
220986
221035
221059
221086
221132
221224
221257
221383
221394
221449
221634
221770
221857
221965
221981
222035
222230
222310
222380
222400
222412
222436
222465
222506
222759
222899
222945
223015
223064
223209
223424
223517
223597
223628
223724
223790
223803
223837
223857
223885
223915
223980
224054
224193
224222
224367
224376
224534
224557
