6118393
6118484
6119041
6119377
6119455
6119510
6120231
6120471
6120713
6120784
6120879
6120912
6120933
6120952
6120957
6120972
6121188
6121252
6121414
6121638
6121938
6122486
6122517
6123019
6123276
6123560
6124360
6124777
6124850
6125750
6125838
6126288
6126316
6126340
6126761
6126909
6126941
6127442
6127477
6127824
6127849
6127885
6127932
6127987
6128013
6128313
6128735
6128894
6129175
6129296
6129518
6129679
6130228
6130457
6130477
6130612
6131663
6132111
6132254
6132622
6133339
6134336
6134458
6135122
6135254
6135551
6135687
6136015
6136134
6136218
6136335
6136377
6136576
6136673
6136675
6136737
6137018
6137205
6137264
6137604
6137687
6137767
6137933
6137951
6138111
6138310
6138471
6138480
6138752
6139045
6139048
6139390
6139982
6140455
6140520
6140609
6141056
6141255
6141351
6141539
