4459656
4459724
4459752
4459759
4460129
4460141
4460191
4460714
4461055
4461197
4461345
4461392
4461684
4461717
4461779
4461822
4461830
4461980
4462113
4462309
4462398
4462906
4463592
4463803
4463825
4463843
4463850
4463869
4463910
4464016
4464157
4464680
4464703
4464763
4464802
4464866
4465012
4465046
4465133
4465278
4465322
4465383
4465697
4465779
4465902
4465934
4465972
4465997
4466295
4466445
4466563
4466761
4466771
4466777
4466826
4466954
4467093
4467787
4467851
4468011
4468093
4468170
4468443
4469072
4469283
4469480
4469633
4470008
4470060
4470061
4470114
4470253
4470340
4470710
4470936
4471018
4471101
4471400
4471465
4471656
4471828
4472076
4472426
4472657
4472682
4472684
4472845
4472894
4473133
4473370
4473418
4473461
4473568
4473627
4473691
4474244
4474256
4474406
4474455
4474855
