7093251
7093269
7093475
7094163
7094341
7094363
7094406
7094415
7094497
7094597
7094842
7094933
7094992
7095317
7095431
7095629
7095791
7096119
7096672
7097994
7098301
7098517
7098774
7099238
7099341
7099418
7099444
7099730
7099923
7100011
7100166
7100472
7100649
7101086
7101121
7101287
7102844
7103619
7103695
7103784
7103869
7103892
7103951
7104061
7104215
7104432
7104820
7105680
7106377
7106518
7107249
7107381
7107753
7107762
7108019
7108044
7108571
7108834
7108856
7109831
7110005
7110338
7110357
7110423
7110874
7111259
7111286
7111418
7111482
7112138
7112247
7112259
7112317
7112321
7112494
7112971
7113633
7113651
7113913
7113943
7114359
7114387
7114565
7115076
7115280
7115378
7115701
7115805
7116176
7116391
7116623
7116639
7116944
7116972
7117176
7117534
7117667
7117697
7117827
7117953
