2087672
2087826
2087878
2088079
2088368
2088603
2088769
2088962
2089671
2089861
2089947
2089950
2090068
2090320
2090350
2090364
2090711
2090731
2091152
2091197
2091198
2091262
2091418
2091951
2092051
2092088
2092105
2092183
2092358
2092514
2092581
2092596
2092896
2092985
2093090
2093309
2093315
2093333
2093338
2093432
2093463
2093524
2093554
2093562
2093597
2093619
2093685
2093714
2093732
2093782
2093879
2093898
2094255
2094262
2094389
2094464
2094579
2094600
2094636
2094726
2094729
2094753
2094770
2094799
2094822
2095022
2095030
2095233
2095310
2095444
2095584
2095609
2095638
2095716
2095800
2095846
2095946
2096397
2096572
2096583
2096596
2096639
2096749
2096761
2096781
2097097
2097186
2097194
2097270
2097873
2098115
2098276
2098381
2098460
2098476
2098513
2098778
2098787
2098840
