22054847
22056864
22057163
22058466
22058482
22058799
22059103
22060245
22060692
22061237
22061328
22062038
22064137
22064899
22066009
22066102
22066962
22067038
22070519
22071210
22071982
22072865
22073153
22075195
22075265
22075774
22077258
22078047
22078439
22080280
22080871
22081417
22081609
22081752
22082155
22082670
22083526
22084211
22084321
22084416
22084595
22084686
22087085
22087469
22087572
22088052
22088198
22088435
22088664
22090714
22090735
22091434
22091461
22091563
22092170
22092184
22092744
22093040
22094238
22094969
22095955
22097018
22097229
22097904
22098037
22098147
22099095
22099286
22099294
22099352
22100379
22101298
22101850
22102458
22102635
22103717
22104239
22105437
22106100
22108152
22108922
22110438
22114670
22115857
22115905
22116023
22116272
22116618
22118939
22119193
22119416
22120028
22120029
22120118
22120145
22121947
22122164
22123002
22123295
22123905
