11299985
11300590
11300775
11301256
11301653
11301769
11302300
11302408
11302882
11303397
11303499
11303866
11304005
11304260
11304854
11305172
11305325
11305604
11306150
11306670
11306885
11308219
11308575
11308729
11310064
11310360
11310375
11310429
11310568
11311378
11312069
11313204
11313469
11313851
11313922
11314421
11314555
11314608
11315015
11315103
11315352
11316469
11317312
11317492
11318552
11318708
11318974
11319116
11319215
11319960
11320662
11320815
11321104
11321615
11321976
11322315
11323190
11323258
11323863
11324010
11324530
11324654
11325202
11325377
11325434
11325647
11326377
11327241
11327760
11327783
11328970
11329317
11331050
11331379
11331424
11331561
11331896
11331898
11332059
11332194
11332400
11332531
11333084
11333563
11333745
11334394
11334749
11335142
11335174
11335947
11336060
11336326
11336750
11336802
11337379
11337409
11337416
11338144
11339115
11339281
