10383555
10383746
10383750
10384235
10384558
10385084
10385973
10386245
10386330
10386341
10386400
10386784
10387136
10388264
10388357
10388368
10388710
10388766
10389044
10389069
10389297
10389323
10389505
10390797
10391420
10391882
10392744
10393066
10393278
10393571
10393732
10393754
10394085
10394566
10394610
10395131
10395176
10395487
10395733
10396822
10396914
10397865
10399681
10400082
10400378
10400917
10401349
10401545
10401810
10403186
10403366
10403451
10403710
10403741
10404082
10404323
10404365
10404580
10404743
10405137
10405242
10405495
10405663
10405714
10406047
10406129
10407281
10407443
10407625
10407821
10408858
10409086
10409215
10409638
10409992
10411003
10411303
10411515
10411616
10412131
10412357
10412975
10413215
10413573
10414027
10414207
10415234
10415552
10415616
10416372
10416376
10416425
10416857
10417341
10417504
10417835
10418641
10421152
10421337
10421341
