11418960
11419856
11419891
11420460
11421526
11421779
11422847
11423392
11424172
11424986
11425411
11425842
11426197
11426552
11427186
11427417
11427806
11428019
11428044
11428157
11428475
11428593
11429179
11429257
11429366
11429843
11430778
11430847
11431465
11432297
11432647
11432834
11434182
11434472
11434959
11437018
11437312
11437591
11437681
11437686
11438500
11438628
11439285
11439477
11439952
11440322
11440487
11440767
11441229
11441320
11441763
11442906
11443060
11443477
11443772
11444204
11444344
11444500
11444994
11445175
11445372
11445413
11445488
11446068
11446242
11447836
11449097
11449228
11449963
11450266
11450432
11450673
11450690
11451248
11451886
11453195
11453549
11453596
11454878
11455000
11455064
11455453
11455961
11456106
11456130
11456504
11457042
11457074
11457187
11457323
11457689
11457845
11458296
11458548
11459251
11459256
11459557
11459970
11460340
11460749
