15667166
15668450
15668591
15669003
15669021
15669317
15669888
15670422
15671597
15673907
15674719
15677506
15677634
15678066
15678117
15678133
15679574
15680038
15680769
15680790
15681456
15682164
15682392
15682578
15683291
15683498
15683582
15683631
15683634
15683668
15683904
15684191
15684279
15686314
15686644
15686849
15688455
15688517
15688648
15691389
15692725
15693200
15693772
15693907
15693933
15695426
15695783
15695857
15696569
15696763
15697014
15697648
15699208
15699352
15700022
15700195
15700343
15700353
15700416
15700874
15701635
15702256
15703504
15705032
15705123
15705227
15705438
15705619
15706050
15706190
15706299
15706317
15707055
15707380
15708150
15708825
15709556
15710117
15710267
15710398
15710534
15710607
15711652
15711748
15712461
15713540
15714553
15714892
15715468
15715991
15717299
15717496
15717957
15718065
15718208
15718729
15720412
15720918
15720931
15720985
