3368987
3369070
3369120
3369754
3369761
3370025
3370103
3370265
3370637
3370645
3370658
3371249
3371338
3371676
3371741
3372190
3372299
3373001
3373024
3373297
3373432
3373778
3373829
3373914
3374148
3374244
3374445
3374501
3374602
3374822
3374957
3374959
3375051
3375072
3375381
3375536
3375586
3375653
3375902
3376029
3376614
3376690
3377181
3377187
3377450
3377690
3377871
3377942
3377961
3378122
3378128
3378398
3378500
3378575
3378827
3378975
3379104
3379106
3379210
3379376
3379679
3379756
3379854
3379964
3380078
3380489
3380574
3380842
3380850
3380864
3380886
3381014
3381107
3381115
3381140
3381146
3381149
3381222
3381248
3381251
3381408
3381617
3381656
3381658
3381734
3381980
3382008
3382080
3382092
3382168
3382251
3382424
3382465
3382475
3382492
3382552
3382780
3382782
3382796
3382862
