4684935
4685116
4685410
4685500
4685510
4685525
4685616
4685662
4685816
4685955
4686064
4686543
4686661
4687053
4687352
4687552
4687641
4687813
4687859
4687871
4687876
4687879
4688198
4688357
4688359
4688383
4688412
4688440
4688545
4688657
4688669
4688700
4688703
4688706
4688744
4689036
4689291
4689443
4689507
4689534
4689535
4689548
4689722
4689733
4689734
4690002
4690107
4690119
4690330
4690971
4690989
4691163
4691184
4691252
4691559
4691846
4691862
4691872
4691878
4691901
4691908
4691939
4691966
4692072
4692363
4692443
4692473
4692483
4692600
4692763
4692823
4692859
4692881
4692982
4693036
4693069
4693415
4693444
4693455
4693464
4693513
4693530
4693543
4693785
4693962
4694119
4694160
4694458
4694544
4694634
4694749
4694782
4695052
4695145
4695459
4695627
4695643
4695722
4695869
4695978
