173889
173950
173956
174187
174338
174481
174555
174576
174580
174675
174763
174798
174938
175009
175080
175152
175200
175282
175283
175319
175369
175635
175742
175809
175810
175928
176004
176073
176199
176220
176268
176285
176316
176501
176554
176566
176600
176683
176724
177017
177057
177075
177111
177227
177233
177365
177387
177405
177429
177451
177472
177569
177589
177641
177685
177811
177836
177927
178101
178119
178151
178229
178256
178284
178308
178353
178395
178435
178448
178458
179238
179343
179487
179547
179640
179684
179740
179848
179852
179854
179949
180092
180280
180381
180415
180466
180525
180589
180690
180723
180795
181126
181700
181703
181724
181751
181772
181972
182215
182533
