3682629
3683266
3683709
3684467
3684725
3684810
3684959
3684967
3685236
3685733
3686061
3686132
3686163
3686335
3686407
3686447
3686508
3686602
3686930
3686936
3687248
3687322
3687536
3687739
3688270
3688433
3688535
3688619
3688778
3688863
3689190
3689456
3689973
3690073
3690175
3690313
3690652
3691099
3691213
3691375
3691447
3691807
3691846
3691879
3692064
3692287
3692307
3692467
3692982
3693383
3693421
3693464
3693467
3693475
3693715
3693724
3693995
3694125
3694404
3695012
3695468
3695675
3695966
3696067
3696460
3696638
3697129
3697235
3697785
3698129
3698300
3698622
3698787
3699117
3699303
3699442
3699468
3699536
3699649
3699884
3699901
3699999
3700078
3700223
3700292
3700301
3700471
3700483
3700666
3701662
3701804
3702095
3702158
3702304
3703387
3703522
3703564
3703571
3703867
3704254
