4871515
4871668
4871817
4871943
4872026
4872144
4872447
4872494
4872534
4872595
4872762
4872925
4873103
4873133
4873418
4873518
4874170
4874253
4874350
4874490
4874534
4874546
4874561
4874581
4874637
4874647
4874656
4874694
4874696
4875310
4875458
4875498
4875571
4875738
4875868
4876025
4876262
4876300
4876333
4877333
4877497
4877713
4877771
4877781
4878041
4878104
4878178
4878319
4878564
4878699
4878713
4878723
4878787
4878963
4878976
4879201
4879509
4879567
4879598
4879614
4879879
4879918
4880033
4880150
4880494
4880564
4880782
4880860
4881034
4881140
4881229
4881304
4881385
4881424
4881460
4881542
4881599
4881678
4881723
4881775
4882105
4882107
4882247
4882515
4882949
4883082
4883228
4883276
4883591
4883700
4883742
4883963
4883993
4884007
4884056
4884499
4884531
4884555
4884842
4884889
