32056521
32058928
32065009
32066100
32066893
32067820
32070288
32071706
32072349
32075109
32075694
32078307
32078961
32079614
32079870
32082167
32085696
32088404
32089164
32089632
32090316
32098886
32099804
32100312
32100787
32101299
32102138
32103273
32103547
32103725
32104822
32106504
32107706
32109393
32109597
32110538
32113501
32113594
32113849
32114562
32119291
32120041
32123734
32124315
32127032
32128305
32131883
32133966
32134258
32134676
32138202
32138443
32141051
32141761
32141826
32146592
32148134
32149617
32150149
32153105
32154351
32154772
32154970
32155008
32156244
32157606
32160367
32160449
32160560
32160671
32161066
32162780
32166524
32167112
32170747
32171311
32171911
32172021
32172451
32176195
32178557
32178590
32181478
32184138
32185663
32186024
32188972
32189590
32190293
32191143
32192123
32192261
32193577
32193963
32195293
32195564
32198168
32198579
32198662
32201370
