6329322
6329475
6329543
6329986
6330119
6330727
6330736
6330878
6331085
6331326
6331357
6331377
6331847
6331955
6332139
6332959
6333023
6333213
6333237
6333520
6333909
6334102
6334345
6334612
6334677
6334734
6335881
6336366
6336367
6336539
6336959
6337074
6337764
6338194
6338482
6339707
6340158
6340699
6341226
6341859
6341979
6342565
6343428
6343888
6344204
6344705
6344727
6344743
6344998
6345604
6346071
6346355
6346388
6346489
6346780
6347147
6347233
6348619
6349008
6349119
6349364
6350801
6351073
6351078
6351420
6351930
6352540
6352964
6353812
6354753
6354967
6355051
6355103
6355159
6355265
6355422
6355460
6355828
6356403
6356600
6357241
6357400
6357414
6357428
6358479
6358775
6358789
6359016
6359809
6360589
6360950
6361703
6362649
6363108
6363484
6364159
6364515
6364540
6364578
6365157
