21286097
21286280
21286377
21286651
21286719
21287905
21288006
21288099
21288438
21288746
21289267
21289793
21290316
21290385
21291042
21291059
21291064
21291089
21291521
21291684
21291696
21291714
21291777
21292059
21292328
21292948
21293271
21295796
21296717
21298322
21299603
21299632
21300922
21301481
21302242
21302329
21302525
21302710
21303272
21304820
21305341
21306144
21306185
21307423
21307535
21308661
21309308
21310883
21315560
21315826
21316558
21316980
21317432
21318684
21318733
21319655
21319670
21320722
21321358
21321921
21322303
21322692
21325714
21326607
21328494
21329245
21329603
21329684
21331081
21331174
21332656
21332909
21333159
21333593
21334657
21335100
21335778
21336793
21338012
21338983
21339543
21342371
21343855
21344648
21345526
21346529
21346780
21346861
21347189
21347945
21349997
21350377
21350675
21351111
21351359
21351416
21353226
21354371
21357932
21358409
