16731259
16731383
16732239
16732333
16732410
16732554
16732767
16732889
16733400
16734001
16734030
16734038
16734813
16737008
16737147
16738363
16738621
16738857
16739393
16739584
16739635
16740025
16741167
16742265
16742715
16742943
16743378
16743935
16744168
16744803
16745446
16745486
16745586
16745658
16745855
16745935
16746967
16747367
16747384
16747432
16748864
16748980
16750113
16750153
16750710
16751508
16753649
16755110
16757370
16757864
16757876
16758896
16759061
16759131
16759188
16759767
16760250
16760646
16760673
16762730
16765467
16765818
16766663
16766759
16768071
16768271
16768635
16769831
16770206
16771067
16771644
16772396
16772875
16773133
16773221
16773880
16774348
16774373
16775091
16775740
16776218
16776719
16776751
16776846
16777333
16777718
16778479
16778866
16778929
16779640
16779773
16780654
16781856
16782324
16782481
16786431
16788607
16788846
16789466
16790114
