37334189
37335276
37337038
37339104
37340362
37342806
37348675
37349562
37349878
37349943
37350811
37352177
37354742
37354844
37355352
37357161
37360102
37365756
37366498
37368297
37372174
37372239
37372894
37374049
37379159
37381895
37382907
37383119
37385619
37388465
37390781
37392211
37393211
37397352
37397578
37404710
37405498
37405710
37408555
37408626
37413851
37415028
37416638
37416877
37418064
37418608
37419177
37420029
37421698
37423981
37424554
37429846
37432559
37433922
37435575
37442328
37442652
37448547
37449193
37449758
37450204
37452397
37454570
37455379
37457847
37458032
37461235
37462892
37463241
37466282
37467949
37468163
37468610
37471943
37472095
37472113
37473855
37474421
37476207
37476467
37476658
37476755
37476878
37477216
37477297
37479199
37480876
37481068
37484019
37485329
37486787
37486926
37487974
37488522
37488963
37489144
37493330
37497012
37497398
37497680
