4238597
4238710
4238812
4238959
4238992
4239030
4239132
4239208
4239234
4239236
4239708
4240002
4240173
4240222
4240226
4240435
4240466
4240534
4240599
4240668
4240844
4240928
4240980
4241076
4241175
4241760
4241904
4242151
4242366
4242402
4242810
4242891
4242940
4243024
4243203
4243524
4243681
4243683
4243891
4243962
4244076
4244184
4244201
4244214
4244335
4244418
4244466
4244549
4245135
4245526
4245648
4245694
4245956
4246018
4246709
4246863
4247111
4247150
4247182
4247239
4247551
4247585
4247780
4247785
4247926
4247968
4248211
4248354
4248774
4249009
4249306
4249484
4249558
4249677
4249689
4249712
4249797
4250016
4250178
4250261
4250587
4250664
4250743
4250937
4251608
4251677
4251871
4252107
4252128
4252131
4252200
4252261
4252300
4252710
4252814
4253040
4253161
4253423
4253592
4253736
