4994304
4994419
4994515
4994562
4994576
4994631
4994644
4994754
4994785
4994803
4995007
4995118
4995178
4995245
4995254
4995264
4995291
4995302
4995309
4995310
4995328
4995383
4995592
4996196
4996305
4996311
4996553
4997206
4997249
4997255
4997306
4997310
4997523
4997591
4997830
4998084
4998186
4998212
4998369
4998849
4998919
4998955
4999015
4999073
4999229
4999277
4999469
4999476
4999755
5000177
5000206
5000432
5000487
5000695
5000920
5000967
5001200
5001238
5001270
5001272
5001569
5001691
5001997
5002321
5002793
5002799
5003011
5003053
5003074
5003219
5003652
5003873
5004010
5004054
5004167
5004403
5004496
5004547
5004629
5004916
5004961
5005432
5005439
5005625
5005707
5005866
5005871
5005999
5006152
5006180
5006226
5006254
5006384
5006448
5006539
5006685
5006705
