11630012
11630514
11631140
11631153
11631175
11631313
11631837
11631955
11632128
11632623
11632797
11633025
11633723
11634595
11634890
11635640
11635879
11636362
11637203
11638169
11638323
11638654
11639222
11639422
11640235
11640625
11640717
11642452
11642533
11642730
11642748
11643096
11643787
11643944
11643949
11644032
11644078
11644143
11644284
11645004
11645237
11645521
11645846
11645887
11646095
11647513
11647885
11647915
11648205
11648974
11649050
11649218
11649958
11650371
11650455
11650689
11650902
11651238
11651373
11651520
11651652
11651749
11651917
11652032
11652133
11652619
11652627
11653184
11653321
11653407
11654693
11655217
11655683
11656123
11656140
11656166
11656282
11656475
11657379
11657538
11657945
11658199
11658205
11658228
11658543
11658563
11658683
11659152
11659243
11659363
11659933
11660131
11660331
11660594
11660730
11661840
11662034
11662313
11662365
11662953
