17330414
17331590
17332374
17332877
17333746
17333837
17335619
17336597
17338062
17338460
17338581
17338689
17338890
17339001
17339584
17340291
17340777
17340901
17340920
17341898
17342784
17343283
17343307
17343792
17346675
17346940
17347017
17347114
17347482
17347727
17349246
17349257
17349263
17349460
17349943
17349963
17350045
17350215
17351209
17351376
17351436
17353064
17353536
17353617
17353639
17353817
17353840
17354243
17354561
17357692
17357814
17358370
17358652
17358977
17359000
17360060
17361186
17362257
17362347
17364474
17364869
17365619
17365900
17365963
17366436
17366824
17367161
17367510
17367791
17368423
17368778
17368823
17369839
17370085
17370167
17370490
17370770
17370825
17372187
17372431
17372929
17372985
17373042
17373586
17373622
17373894
17373910
17373955
17374002
17374229
17376337
17376965
17377303
17378289
17378363
17379695
17380060
17380097
17380246
17380892
