7958506
7958987
7959036
7959153
7959643
7959857
7960326
7960354
7961286
7961864
7962025
7962352
7962654
7962734
7962818
7962837
7962895
7962901
7963124
7963532
7963545
7963878
7964592
7964795
7964968
7966129
7966348
7966809
7966971
7967374
7967687
7968601
7968855
7968923
7969518
7970712
7971238
7971249
7971492
7971517
7971985
7972861
7973010
7973197
7973426
7973690
7974018
7974230
7974530
7975290
7975391
7975635
7975646
7975917
7976042
7976208
7978593
7979160
7979202
7979263
7979300
7979357
7980507
7980727
7981388
7981483
7981827
7982194
7982290
7982472
7983124
7983600
7983872
7983935
7983937
7984206
7984249
7984290
7984485
7984827
7985340
7985768
7986207
7986311
7986890
7987313
7987681
7987782
7988039
7988768
7988926
7989231
7989519
7989631
7989667
7989846
7989905
7990541
7990581
7990896
