8838199
8838311
8839363
8839701
8840001
8840752
8840865
8841731
8842277
8842834
8844527
8844882
8845182
8845662
8845677
8845888
8846267
8846290
8846311
8847129
8847354
8847373
8847573
8849503
8849509
8849565
8850353
8850679
8851448
8851663
8852788
8852946
8853258
8853519
8853916
8854428
8854959
8855540
8856122
8856621
8856924
8857234
8857259
8858315
8858424
8858592
8859264
8859490
8860127
8860595
8862114
8862989
8863145
8863612
8863945
8864005
8864285
8865220
8865364
8865386
8865440
8866276
8866355
8867342
8867560
8868776
8869194
8870245
8870321
8870617
8871026
8871591
8872438
8872735
8873147
8873312
8873634
8873873
8873889
8874223
8874632
8874677
8874841
8874849
8875051
8875992
8876185
8876411
8877019
8877531
8877719
8877909
8879000
8879684
8880216
8880628
8880751
8881126
8882555
8882589
