791982
791994
792081
792177
792217
792241
792277
792329
792424
792559
792799
792837
793219
793255
793377
793436
793460
793473
793972
794283
794360
794380
794432
794476
794482
794493
794675
794783
794787
794830
794880
795030
795234
795235
795318
795334
795439
795498
795506
795517
795644
795689
795715
795811
795910
796036
796129
796142
796256
796292
796378
796546
796567
796583
796609
796674
796932
796950
797014
797033
797044
797051
797057
797224
797313
797518
797694
797762
797868
797921
798189
798197
798206
798428
798516
798682
798742
798776
798841
798893
799185
799377
799508
799632
799664
799862
799927
799949
800056
800109
800117
800120
800145
800196
800231
800236
800260
800291
800436
800459
