11262546
11262673
11263820
11264311
11264368
11264765
11264886
11265083
11266290
11266770
11266856
11266890
11266910
11267157
11267205
11268699
11268952
11270235
11270341
11270613
11270726
11270932
11271321
11272499
11273116
11273380
11273411
11273600
11273893
11274782
11275500
11275680
11275948
11276840
11276967
11277515
11277973
11277980
11278046
11278101
11278291
11278329
11278430
11278742
11279132
11279251
11279596
11279617
11279641
11279950
11280127
11280407
11280919
11281083
11281346
11281401
11282206
11282696
11282726
11282941
11282957
11284102
11284217
11284408
11284413
11284691
11284808
11284813
11284942
11285002
11285900
11286584
11287136
11287513
11287752
11288585
11288620
11288695
11288706
11289855
11290119
11290490
11290829
11290866
11291074
11292060
11292479
11292528
11293265
11293317
11293737
11295038
11295520
11295876
11295981
11297349
11297355
11297630
11298013
11299248
