433928
434104
434246
434402
434450
434457
434519
434780
434781
435068
435220
435424
435640
435985
436368
436413
436756
436828
436865
436896
436949
437174
437248
437251
437256
437329
437376
437424
437523
437991
438112
438191
438204
439498
439671
439873
439937
440014
440097
440289
440326
440559
440796
440848
440859
440863
440927
440972
441101
441162
441261
441383
441414
441623
441649
442032
442131
442397
442580
442636
442654
442837
443192
443228
443299
443624
443743
444013
444121
444179
444809
445025
445537
446250
446536
446621
446643
446814
446947
447127
447245
447260
447446
447644
447811
447963
448100
448532
449126
449191
449493
449495
449640
450418
450947
450993
451774
453695
454255
454261
