2204164
2204182
2204696
2204712
2204740
2204918
2205053
2205103
2205138
2205860
2205885
2206098
2206137
2206214
2206295
2206422
2206459
2206485
2206674
2206846
2206950
2206993
2207134
2207137
2207146
2207218
2207282
2207880
2207885
2208022
2208040
2208240
2208297
2208763
2208811
2208935
2209295
2209350
2209504
2209574
2209624
2209691
2209743
2209790
2209815
2209848
2210035
2210096
2210101
2210139
2210299
2211047
2211072
2211096
2211347
2211713
2211803
2212157
2212358
2212373
2212505
2212718
2212720
2213554
2213676
2213786
2213806
2214037
2214130
2214201
2214282
2214298
2214542
2214690
2214733
2214936
2215652
2216174
2216311
2216359
2216375
2216466
2216565
2216644
2216690
2216766
2216813
2216893
2217324
2217455
2217525
2217792
2217870
2217993
2218008
2218307
2218314
2218340
2218978
2219041
