137829
137874
137948
138004
138211
138218
138564
138695
138700
138725
138730
138787
138887
138907
138915
138990
138998
139053
139114
139179
139236
139301
139322
139381
139444
139469
139509
139599
139672
139693
139699
139715
139739
139742
139822
139873
139897
139902
140027
140138
140165
140166
140184
140322
140348
140495
140567
140580
140708
140720
140728
140738
140769
140845
140888
140895
140928
141069
141096
141244
141295
141319
141341
141359
141556
141569
141573
141649
141652
141720
141739
141740
141893
141903
141917
141921
141982
142027
142047
142049
142079
142097
142100
142154
142156
142175
142237
142241
142298
142320
142364
142376
142494
142523
142538
142546
142611
142620
142659
142699
