5183312
5183317
5183438
5183588
5183631
5183670
5184159
5184938
5184971
5185244
5185523
5185596
5185900
5185913
5186012
5186126
5186603
5186686
5186691
5186762
5186777
5186908
5187030
5187312
5187333
5187364
5187683
5187759
5187772
5187842
5187892
5188021
5188023
5188041
5188444
5188452
5188570
5188945
5189029
5189225
5189256
5189325
5189715
5189863
5190036
5190354
5190362
5190909
5191045
5191101
5191284
5191302
5191306
5191470
5191535
5191759
5191804
5191835
5191850
5191879
5191995
5192091
5192449
5192531
5192558
5192630
5192881
5192983
5193232
5193468
5193768
5193854
5194143
5194381
5194624
5194786
5194956
5194971
5195437
5195743
5195768
5195938
5196173
5196190
5196365
5196515
5196525
5196563
5196638
5196663
5196747
5197322
5197400
5197674
5197757
5197888
5198022
5198209
5198301
5198304
