1774906
1774907
1774910
1774914
1774915
1774918
1774923
1774931
1774946
1775127
1775149
1775150
1775181
1775320
1775498
1775656
1775667
1775679
1775730
1775808
1775827
1775839
1776005
1776040
1776152
1776195
1776244
1776292
1776378
1776646
1776773
1776907
1777130
1777174
1777306
1777349
1777369
1777758
1777781
1777813
1777823
1777831
1777836
1777904
1778086
1778128
1778193
1778313
1778452
1778588
1779093
1779100
1779186
1779381
1779671
1779830
1779849
1779858
1779907
1779919
1780163
1780607
1780629
1780726
1780768
1780832
1780894
1780935
1781200
1781515
1781706
1781717
1781729
1781832
1781850
1781992
1782075
1782095
1782315
1782362
1782676
1782767
1782772
1782811
1782848
1782913
1783151
1783236
1783280
1783435
1783466
1783528
1783611
1783688
1783995
1784031
1784300
1784303
1784429
1784457
