27109560
27111412
27111603
27111816
27111925
27111956
27115088
27115406
27115507
27116298
27116749
27117530
27119193
27121598
27121716
27122274
27122832
27122878
27123384
27123568
27123926
27123985
27124197
27124767
27124803
27125190
27126080
27126880
27127832
27128081
27128669
27128881
27129118
27130065
27130216
27130350
27131250
27135179
27137130
27137563
27140432
27141818
27144058
27144167
27144828
27145350
27145649
27145678
27146241
27146277
27147705
27148112
27148257
27149127
27150120
27150362
27150627
27150739
27150762
27153734
27157783
27158001
27158280
27159452
27159897
27160052
27160162
27160970
27161046
27162873
27163059
27163515
27163883
27164060
27165107
27165586
27165685
27165999
27167341
27168824
27170034
27172956
27173218
27174772
27174837
27177228
27177807
27178432
27178512
27178610
27178690
27178887
27179174
27179197
27179790
27180141
27180861
27180960
27181343
27181344
