12227536
12228715
12228954
12229119
12229239
12229790
12229814
12230332
12231714
12232079
12232155
12232536
12232649
12233142
12233898
12234143
12234715
12235209
12235217
12235450
12236656
12238140
12238532
12238606
12238665
12238870
12240044
12240249
12240546
12240980
12241122
12241281
12241362
12241541
12241594
12241650
12241675
12241804
12241890
12242487
12242567
12243043
12243138
12243285
12243526
12244226
12244239
12244668
12244711
12244950
12245172
12245471
12245587
12245674
12246409
12247905
12248232
12248464
12248635
12248780
12248943
12249844
12250181
12250676
12250856
12250868
12251051
12251166
12252063
12252439
12252494
12252501
12252533
12252582
12253271
12254281
12254452
12254775
12255274
12255691
12256007
12256533
12256561
12256688
12258343
12258755
12258989
12260086
12260109
12260486
12261227
12261398
12262194
12262389
12262570
12262960
12264181
12264627
12265133
12265914
