5582479
5582491
5582535
5582712
5583318
5583569
5583617
5583835
5583918
5583974
5584023
5584435
5585203
5585348
5585354
5585472
5585599
5586075
5586173
5586236
5586557
5586610
5586938
5587021
5587164
5587167
5587263
5587404
5587473
5587893
5587987
5588042
5588086
5588251
5588298
5588424
5588845
5589028
5589098
5589112
5589324
5590820
5592139
5592263
5592399
5592722
5592974
5593039
5593331
5593564
5594087
5594288
5594462
5596081
5596471
5596606
5596719
5596940
5596992
5597076
5597190
5597487
5597605
5597734
5597830
5598171
5598217
5598575
5598603
5598612
5598661
5598662
5598724
5598749
5599552
5599658
5599692
5599719
5599830
5600196
5600418
5600682
5601023
5601629
5601731
5602138
5602195
5602227
5602464
5602919
5602988
5603039
5603130
5603237
5603239
5603580
5603906
5603907
5603935
5604035
