24572579
24573879
24574222
24576270
24580250
24580851
24581641
24582202
24583216
24583584
24584489
24584605
24587033
24587079
24587455
24589579
24591386
24594168
24594557
24594563
24594885
24595056
24597215
24597917
24598697
24598832
24598965
24599066
24599585
24601665
24602693
24603072
24603795
24604108
24607181
24607946
24609908
24610322
24612206
24612268
24612699
24614016
24615038
24616625
24617462
24617669
24617968
24618021
24618469
24619028
24621484
24623913
24626896
24627420
24629503
24630665
24632304
24633458
24633767
24634397
24634777
24634991
24637541
24637996
24638780
24641970
24642335
24643003
24644017
24645206
24645442
24648080
24648489
24648741
24648899
24649758
24650844
24652812
24656793
24661366
24662928
24664008
24664963
24665196
24665660
24666106
24666231
24666413
24668132
24668390
24669221
24669844
24672972
24674137
24675198
24675509
24676120
24678037
24679514
24679695
