35557955
35558064
35558112
35558633
35564666
35565041
35566075
35571332
35577791
35579902
35580764
35587309
35592218
35593098
35593209
35596968
35597041
35597603
35598549
35598866
35599571
35600001
35603555
35609809
35611696
35611772
35612029
35616759
35617177
35618338
35621641
35625369
35629409
35632518
35632608
35634523
35635847
35636107
35636131
35637560
35639508
35641668
35644889
35646503
35646725
35650828
35651408
35651861
35652666
35653576
35654700
35655767
35657076
35658169
35658303
35658667
35662067
35668516
35670356
35671349
35672111
35672603
35672915
35674276
35680726
35683033
35683042
35686615
35688349
35690513
35690782
35690798
35692315
35692527
35692891
35694069
35694271
35695588
35698081
35698235
35702610
35702641
35703529
35705131
35707183
35707218
35707911
35709425
35713387
35714211
35715446
35715581
35715784
35718358
35719702
35721433
35724213
35725413
35726208
35727334
