3044221
3044425
3044582
3044808
3044819
3044963
3045234
3045395
3045775
3045817
3046084
3046196
3046217
3046297
3046402
3046419
3046455
3046481
3046500
3046542
3046623
3046693
3046715
3046901
3047369
3047381
3047631
3047732
3047740
3047754
3047886
3048093
3048298
3048666
3048669
3048740
3048780
3049113
3049435
3049545
3049603
3049715
3049719
3049744
3049853
3049977
3050220
3050358
3050424
3050449
3050574
3050617
3050638
3050680
3050725
3050929
3051117
3051150
3051349
3051442
3051496
3051969
3052373
3052554
3052603
3052669
3052764
3052812
3053000
3053022
3053068
3053111
3053123
3053142
3053382
3053403
3053490
3053592
3053842
3054463
3054658
3054674
3054813
3054953
3055190
3055328
3055797
3055813
3055859
3055927
3055949
3056045
3056067
3056138
3056150
3056152
3056233
3056311
3056629
3056876
