5362530
5363030
5363212
5363287
5363751
5363795
5363850
5363922
5363967
5363998
5364411
5364581
5364699
5364745
5364966
5364996
5365035
5365058
5365066
5365472
5365507
5365586
5365895
5365903
5365999
5366008
5366354
5366394
5366605
5366656
5366695
5366841
5366885
5366930
5367128
5367142
5367165
5367367
5367903
5368220
5368513
5368571
5368648
5369072
5369113
5369157
5369291
5369424
5369678
5369812
5369920
5369998
5370371
5370380
5370449
5371483
5371675
5371891
5372181
5372197
5372512
5372525
5373038
5373332
5373588
5373855
5373991
5374030
5374196
5374207
5374476
5374512
5374761
5374969
5375028
5375454
5375489
5375790
5375791
5375959
5376075
5376204
5376236
5376526
5377033
5377358
5377421
5377858
5377884
5377959
5378471
5378482
5378936
5379717
5379773
5379843
5380235
5380240
5380360
5380596
