21505083
21505762
21506087
21506551
21507373
21507412
21507644
21507660
21508155
21509145
21510369
21512367
21513240
21515399
21516673
21517491
21518154
21518365
21518562
21519049
21519302
21520121
21521126
21521940
21522217
21522479
21524696
21525285
21525894
21526061
21526733
21527113
21528136
21528249
21529161
21529288
21529522
21531081
21532195
21532750
21532944
21535415
21535474
21535762
21536301
21537287
21537505
21538359
21539436
21541158
21542099
21543510
21544802
21547720
21547833
21548453
21548695
21549658
21549662
21550088
21550670
21551801
21552805
21553017
21553718
21554242
21554540
21556167
21556645
21556972
21557941
21558416
21559340
21560269
21560539
21561564
21561687
21561998
21563347
21563486
21567338
21570432
21572450
21572533
21577903
21580249
21580917
21581223
21581620
21582067
21582873
21583526
21584330
21584919
21585061
21586317
21586560
21588511
21588706
21588779
