2827108
2827328
2827431
2827464
2827559
2827581
2827791
2827824
2828390
2828535
2828794
2829784
2829972
2830015
2830603
2830630
2830966
2830995
2831055
2831272
2831575
2831579
2831612
2831647
2831659
2831693
2831891
2832015
2832046
2832169
2832311
2832363
2832412
2832415
2832519
2833071
2833077
2833109
2833121
2833183
2833291
2833307
2833314
2833330
2833591
2833886
2833936
2833960
2833978
2834119
2834200
2834230
2834317
2834482
2834627
2834853
2835199
2835285
2835366
2835401
2835464
2835531
2835931
2835979
2835981
2836208
2836275
2836336
2836470
2836491
2836621
2836891
2836927
2837028
2837041
2837346
2837466
2837571
2837576
2837577
2837633
2837635
2837657
2837677
2837797
2838156
2838551
2838708
2838829
2838861
2838930
2839214
2839397
2839435
2839449
2839466
2839648
2839677
2839719
2839724
