15003416
15003531
15005182
15005782
15005812
15006468
15006624
15006955
15007468
15007470
15007853
15008015
15008194
15009101
15009700
15009734
15009880
15010497
15010628
15012065
15012567
15013066
15013867
15016429
15016695
15016748
15017774
15017873
15018633
15019500
15020960
15021345
15021808
15022331
15024555
15027765
15029114
15029212
15029499
15030153
15030212
15030826
15031253
15031914
15032071
15032431
15032566
15034348
15036058
15036189
15036921
15037391
15037410
15038111
15038557
15038805
15039232
15039391
15039414
15039896
15040262
15040628
15041132
15041657
15041748
15042665
15047153
15047345
15047999
15048806
15049436
15049583
15050816
15050858
15051159
15052088
15052693
15052835
15053031
15053674
15054163
15054579
15055195
15055961
15056850
15058399
15059501
15061161
15061761
15062053
15062493
15063434
15063991
15064210
15064217
15065393
15066195
15067536
15067810
15068942
