9938082
9938357
9938481
9938629
9939358
9939952
9940633
9941188
9941512
9941735
9942403
9943429
9943558
9943717
9944378
9944669
9944741
9944955
9945907
9946748
9947452
9947966
9948045
9948388
9948545
9949753
9949797
9950193
9950333
9950354
9950642
9950658
9950859
9951488
9951741
9951884
9952042
9952415
9953565
9953770
9953839
9954559
9954959
9955254
9955406
9955460
9955772
9955775
9956224
9956608
9956931
9957271
9957741
9958521
9958739
9958903
9959176
9959233
9959593
9959655
9959872
9959893
9960183
9960383
9960668
9961326
9961743
9962158
9962536
9962738
9962753
9963690
9963965
9964975
9965212
9965402
9965710
9966346
9966733
9967373
9967823
9967908
9967943
9968397
9968446
9968524
9968671
9968720
9969104
9969705
9969843
9969884
9970917
9971979
9973341
9973972
9974634
9975765
9975769
9975826
