4273538
4273539
4273541
4273542
4273543
4273544
4273545
4273546
4273548
4273549
4273551
4273553
4273560
4273779
4273840
4273909
4274010
4274065
4274126
4274202
4274440
4274475
4274615
4275254
4275492
4275668
4275847
4275888
4275950
4276018
4276157
4276350
4276595
4276775
4276800
4276889
4277009
4277424
4277429
4277537
4277655
4277809
4277812
4278036
4278177
4278435
4278499
4278629
4278829
4278854
4279041
4279323
4279471
4279655
4279812
4280269
4280362
4280522
4280904
4281424
4281501
4281567
4281570
4281774
4281894
4281954
4282038
4282112
4282143
4282187
4282223
4282471
4282506
4282538
4282551
4282651
4282791
4282984
4283464
4283486
4283499
4283801
4283939
4283954
4283962
4283969
4284234
4284239
4284245
4284261
4284270
4284285
4284342
4284363
4284561
4284680
4284682
4284685
4284707
4284709
