877760
877810
878015
878044
878094
878234
878277
878352
878589
878681
878873
879177
879218
879339
879373
879385
879623
879676
879716
879803
880209
880479
880594
880699
880701
880751
880845
880882
880903
880909
881061
881130
881345
881370
881419
881532
881586
881624
881650
881924
881950
881989
882233
882557
882613
882708
882831
882984
882990
883146
883150
883397
883404
883692
883771
883786
883901
884016
884135
884386
884525
884550
884747
884762
884882
884954
885075
885151
885212
885225
885274
885351
885489
885514
885544
885681
885699
885776
885844
885846
885874
886055
886144
886151
886234
886250
886427
886508
886613
886675
886746
886930
887097
887213
887682
887706
887871
888018
888098
888370
