1183225
1183321
1183372
1183409
1183471
1183516
1183870
1183993
1184103
1184406
1184451
1184543
1184581
1184622
1184730
1185270
1185457
1185550
1185601
1185638
1185654
1185829
1185971
1186086
1186107
1186184
1186578
1186590
1186858
1186865
1186895
1187131
1187156
1187223
1187820
1188067
1188144
1188386
1188419
1188610
1188831
1188945
1188954
1189182
1189290
1189437
1189491
1189600
1189696
1189883
1189915
1189992
1190118
1190411
1190483
1190504
1190883
1191201
1191216
1191275
1191379
1191381
1191519
1191563
1191641
1191715
1191768
1191853
1191946
1192041
1192048
1192135
1192321
1192403
1192570
1192723
1192882
1192906
1193136
1193291
1193363
1193426
1193482
1193600
1193629
1193694
1193792
1193955
1194018
1194063
1194075
1194079
1194162
1194182
1194247
1194333
1194345
1194956
1195484
1195863
