5213416
5213422
5213564
5213814
5213953
5214198
5214488
5214542
5214999
5215203
5215272
5215273
5215354
5215409
5215469
5215548
5215612
5215687
5215716
5216097
5216111
5216162
5216281
5216393
5216713
5216876
5216989
5217038
5217212
5217221
5217692
5217900
5217990
5218072
5218143
5218288
5218395
5218482
5218500
5218583
5218625
5218731
5218778
5218855
5218908
5219093
5219197
5219330
5219692
5219786
5219851
5220277
5220723
5220731
5220962
5221568
5221582
5221627
5221743
5221783
5222083
5222379
5222580
5222600
5222745
5223080
5223469
5223716
5223802
5223826
5223873
5223929
5224054
5224365
5224647
5224910
5225336
5225353
5225445
5225711
5225943
5225973
5226225
5226510
5226892
5226999
5227518
5227530
5227617
5227647
5227673
5227683
5227777
5227992
5228153
5228222
5229044
5229200
5229292
5229357
