4266363
4266833
4266971
4267292
4267303
4267305
4267393
4267453
4267511
4267600
4267700
4267802
4267928
4267971
4268013
4268053
4268054
4268064
4268071
4268073
4268076
4268082
4268099
4268107
4268116
4268118
4268130
4268149
4268170
4268172
4268180
4268195
4268431
4268461
4268487
4268529
4268538
4268649
4268694
4268777
4268840
4268850
4268855
4268864
4269027
4269099
4269120
4269160
4269450
4269660
4269686
4269941
4269970
4269982
4270212
4270293
4270443
4270523
4270791
4270858
4270944
4270949
4270994
4271000
4271046
4271113
4271177
4271687
4271742
4271875
4271933
4272088
4272396
4272499
4272643
4272737
4272738
4272739
4272740
4272741
4272744
4272745
4272746
4272748
4272751
4272752
4272757
4272759
4272761
4273006
4273107
4273378
4273384
4273403
4273421
4273468
4273522
4273531
4273536
4273537
