2735594
2735732
2735739
2735767
2735893
2735896
2736042
2736248
2736575
2736715
2736760
2736768
2736928
2737226
2737409
2737843
2737878
2738208
2738218
2738266
2738391
2738403
2738616
2738650
2738687
2738707
2738901
2738927
2738960
2738989
2739040
2739051
2739168
2739305
2739311
2739436
2739596
2739754
2739835
2739863
2740039
2740124
2740141
2740149
2740342
2740751
2740890
2741052
2741280
2741433
2741525
2741584
2741615
2741693
2741713
2741800
2741814
2741901
2741968
2742101
2742112
2742301
2742346
2742671
2742793
2742946
2743203
2743262
2743304
2743553
2743588
2743589
2743618
2743781
2743959
2744086
2744257
2744338
2744431
2744445
2744449
2744470
2744474
2744487
2744488
2744508
2744513
2744535
2744646
2744690
2745288
2745342
2745483
2745538
2745720
2746046
2746108
2746214
2746294
2746296
