34161755
34163773
34163806
34167848
34173561
34173590
34176337
34176608
34178940
34185927
34188433
34192772
34193031
34194273
34194454
34195931
34196144
34197252
34197809
34198524
34201491
34201615
34201763
34210245
34211083
34211294
34216228
34217316
34218276
34218613
34219087
34219605
34219920
34221138
34221390
34223246
34225555
34229211
34229792
34230504
34230701
34231661
34232767
34237575
34242951
34243064
34243226
34244963
34246315
34247176
34249440
34254003
34254652
34258748
34263904
34265077
34268947
34273245
34274508
34276124
34282288
34283279
34284195
34284468
34285739
34287784
34289411
34290902
34291522
34292191
34294092
34298527
34298909
34299358
34301689
34307064
34311757
34314289
34315294
34315525
34316060
34317003
34322414
34322976
34330557
34331422
34333448
34335005
34335015
34337983
34338674
34339491
34340006
34340121
34342804
34345030
34345664
34347687
34347717
34349407
