23352634
23354576
23355581
23356543
23356998
23357223
23361080
23361958
23362393
23363007
23363765
23365212
23365345
23366275
23366563
23366616
23366873
23367480
23367554
23369006
23369755
23374112
23374744
23374985
23375470
23375735
23376022
23376248
23376828
23377603
23378122
23378942
23379039
23379881
23380519
23380917
23381945
23383916
23385144
23385697
23385887
23386153
23386498
23386952
23387791
23393749
23394491
23394799
23395061
23395297
23396129
23396366
23396787
23398418
23398498
23399450
23399670
23400525
23400607
23401863
23402434
23403208
23404240
23404498
23404671
23405214
23405736
23406016
23409124
23409457
23410932
23412780
23413652
23414253
23415183
23417239
23417468
23418729
23419075
23419177
23419428
23419795
23419972
23420212
23420257
23420391
23421087
23425552
23425850
23427450
23429780
23434052
23434431
23435476
23442804
23443476
23443870
23444647
23444751
23447992
