849835
849842
849994
850156
850251
850334
850376
850424
850734
850788
850883
850978
851127
851145
851151
851165
851225
851507
851511
851563
851625
851696
851699
851783
851840
851857
851877
851962
851966
852016
852308
852318
852341
852363
852506
852582
852605
852637
852852
852853
852865
852884
852907
853034
853228
853341
853476
853635
853681
853745
854493
854560
854618
854676
854703
855019
855359
855383
855387
855430
855439
855481
855561
855644
855662
855666
855667
855757
855804
855813
855841
855997
856092
856136
856157
856161
856197
856442
856833
857005
857007
857079
857504
857596
857659
857831
857881
857986
858018
858043
858128
858173
858334
858390
858446
858817
858947
858949
859117
859161
