12497355
12497929
12498255
12498574
12499086
12499245
12499354
12499600
12500046
12500048
12500102
12500535
12500767
12501767
12502573
12503814
12504593
12504753
12505107
12505350
12505679
12505794
12505874
12505931
12506692
12510368
12510378
12510401
12511469
12512119
12512388
12512434
12513132
12513727
12513985
12514260
12515476
12516395
12516851
12517084
12517859
12517920
12519041
12519221
12519993
12520016
12520964
12521079
12521539
12521562
12521879
12522495
12522844
12523327
12523395
12523945
12524380
12524439
12525582
12525663
12525708
12525874
12526151
12526181
12526474
12526818
12527010
12528626
12528711
12529338
12529863
12530269
12530330
12530498
12530717
12530907
12531073
12531241
12532118
12532144
12533202
12534092
12534977
12535245
12535464
12535850
12536539
12536800
12537112
12539586
12539610
12539885
12542311
12543674
12544495
12545553
12546799
12547195
12547599
12548048
