2006744
2007214
2007619
2007735
2007862
2008022
2008150
2008190
2008262
2008290
2009039
2009093
2009225
2009340
2009410
2009571
2009680
2009942
2010408
2010449
2010497
2010935
2010981
2011528
2011575
2011765
2011815
2011848
2011936
2011965
2012116
2012493
2012669
2012899
2013133
2013137
2013209
2013241
2013380
2013497
2013760
2013972
2014202
2014608
2014743
2014753
2015056
2015616
2015713
2015896
2016073
2016128
2016407
2016455
2016803
2016848
2017275
2017302
2017335
2017467
2017685
2017723
2017763
2018117
2018602
2018605
2018652
2018800
2018849
2019409
2019497
2019499
2019763
2020363
2020681
2020810
2020972
2021037
2021042
2021209
2021279
2021375
2021802
2022012
2022057
2022153
2022218
2022305
2022328
2022757
2023061
2023129
2023139
2023148
2023223
2023364
2023392
2023463
2023597
