29169432
29170177
29171283
29172897
29175335
29177856
29180516
29182273
29183736
29184467
29184574
29184827
29185871
29188344
29191218
29191522
29194035
29194526
29202428
29202516
29202606
29202993
29205716
29206474
29206700
29210786
29217023
29219146
29222218
29223035
29223809
29224343
29225238
29228745
29228759
29229928
29231258
29233460
29234175
29236198
29236520
29237695
29240363
29241367
29245762
29246569
29247830
29249054
29252094
29252508
29253350
29256202
29258139
29261872
29265692
29268359
29268738
29269757
29269786
29272308
29272692
29273099
29273332
29273820
29274414
29274950
29277634
29279840
29281575
29286393
29289127
29291692
29291828
29296544
29298644
29305721
29305729
29307887
29309162
29309209
29309302
29311210
29312026
29312548
29313354
29314348
29316359
29322277
29322599
29322852
29324904
29327456
29327561
29328277
29328524
29329537
29331574
29331970
29333341
29333826
