39301927
39302956
39303025
39304435
39306715
39307789
39309758
39312306
39314792
39316285
39318157
39318194
39318562
39320374
39320843
39321076
39321750
39324244
39325643
39329821
39331114
39338363
39340886
39343117
39343205
39344784
39345379
39345694
39346029
39347428
39352564
39352618
39353566
39355971
39356051
39357258
39357640
39360387
39369307
39372015
39375120
39375127
39375709
39377896
39378545
39381582
39381882
39383740
39385047
39385738
39386114
39390345
39394802
39394936
39395028
39396045
39397492
39397675
39398559
39399803
39400240
39405630
39410912
39413167
39423189
39423456
39423665
39425389
39427840
39434324
39436669
39437593
39437768
39437878
39441785
39442940
39443116
39451245
39452246
39454093
39456512
39459846
39465255
39471873
39473666
39474317
39474788
39474979
39475399
39475506
39476912
39477949
39478384
39485345
39486928
39490287
39490459
39490775
39491742
39493784
