25311475
25311915
25312188
25312359
25313012
25313216
25313668
25313706
25313759
25314475
25316508
25318020
25318995
25319181
25319259
25319597
25319644
25320495
25322552
25322933
25324058
25325029
25325280
25326303
25326848
25327160
25327785
25328147
25328437
25332149
25332568
25335068
25335190
25336304
25337530
25337923
25338176
25338745
25338979
25339550
25339755
25339951
25340421
25341869
25342262
25342291
25342401
25342429
25342443
25343638
25345267
25345354
25346564
25346596
25346730
25346911
25347187
25347462
25350012
25350586
25353295
25353743
25353937
25353994
25356428
25357193
25358732
25359807
25361221
25362762
25363861
25368006
25368522
25369915
25371221
25371662
25372984
25375068
25376254
25376307
25376349
25376906
25378850
25380139
25382127
25384273
25388495
25391323
25392657
25393076
25393830
25396673
25396774
25397884
25397906
25399842
25400850
25401010
25401422
25402534
