3892995
3893078
3893101
3893112
3893227
3893367
3893474
3893582
3893618
3893620
3893801
3893887
3894168
3894294
3894368
3894427
3894600
3894890
3895069
3895083
3895257
3895627
3895916
3896093
3896267
3896315
3896533
3896632
3896647
3897241
3897281
3897353
3897569
3897724
3897929
3897935
3897974
3897995
3898049
3898061
3898068
3898242
3898277
3898437
3898547
3898625
3898664
3899273
3899365
3899692
3899847
3900165
3900381
3900438
3900628
3900683
3900722
3900948
3901378
3901425
3901558
3901774
3902537
3902563
3903245
3903397
3903557
3903787
3904026
3904308
3904431
3904833
3904874
3904970
3905406
3905928
3906013
3906122
3906196
3906266
3906281
3906720
3906742
3906820
3906856
3907746
3907979
3908002
3908020
3908065
3908352
3908723
3908734
3908840
3909126
3909228
3909637
3909691
3909979
3909984
