4617089
4617137
4618084
4618246
4618685
4619038
4619135
4619216
4619265
4619317
4619356
4619871
4619923
4620211
4620369
4620519
4621473
4621533
4621555
4621637
4621722
4621816
4622279
4622331
4622378
4622493
4622626
4622875
4622890
4623065
4623100
4623152
4623272
4623287
4623406
4623524
4623594
4623684
4623753
4624186
4624362
4624698
4624802
4624871
4625040
4625305
4625957
4626006
4626151
4626308
4626468
4626547
4626565
4626651
4626772
4627173
4627190
4627237
4627325
4627666
4627767
4627884
4627955
4628045
4628056
4628248
4628334
4628462
4628567
4628622
4628654
4629021
4629126
4629309
4630010
4630087
4630094
4630252
4630460
4631139
4631233
4631296
4631406
4631464
4631476
4631606
4631622
4631723
4632175
4632350
4632392
4632464
4632614
4632626
4632675
4632865
4633310
4633392
4633432
