35727685
35728369
35729523
35730314
35730427
35732015
35732510
35733467
35736825
35740467
35740848
35743872
35745391
35750329
35753833
35754952
35756390
35758018
35759511
35761162
35761174
35764158
35764442
35765221
35765773
35766844
35767846
35768360
35769823
35770829
35771137
35774595
35779944
35781318
35782122
35783673
35784890
35786750
35787030
35787273
35790830
35791795
35792241
35792374
35793066
35793356
35795384
35799315
35801483
35801608
35803824
35805257
35808701
35813044
35815590
35816991
35821415
35821994
35824863
35825967
35828200
35829489
35829623
35829685
35829983
35835579
35837511
35840331
35849559
35850156
35850883
35851211
35852516
35853337
35859155
35860217
35860452
35860453
35860783
35861285
35861745
35862630
35865393
35865623
35867969
35868550
35871381
35871647
35874342
35875333
35877058
35877566
35878737
35879827
35881220
35885582
35885885
35886344
35886651
35886686
