4928696
4928719
4928731
4928781
4929390
4929511
4929967
4930320
4930336
4930662
4930725
4930748
4930778
4930984
4931083
4931223
4931324
4931534
4931574
4931580
4931844
4931896
4932057
4932272
4933008
4933145
4933561
4933830
4933917
4933952
4934476
4934518
4934543
4934824
4935061
4935206
4935428
4935619
4936062
4936275
4936376
4936733
4936818
4936863
4936952
4937063
4937173
4937274
4937565
4937762
4937810
4937948
4937991
4938033
4938681
4938750
4939266
4939327
4939491
4939576
4939638
4939923
4940171
4940203
4940248
4940563
4940696
4940763
4940776
4940913
4940931
4941630
4941808
4941810
4941954
4941960
4942094
4942551
4942589
4942650
4943046
4943239
4943770
4944527
4944607
4944770
4944771
4944871
4944925
4945082
4945129
4945209
4945353
4945414
4945429
4945992
4946686
4946740
4946866
