5961138
5961172
5961188
5961305
5961313
5961836
5962164
5962165
5962221
5962415
5962429
5962767
5962865
5962979
5963592
5963672
5963861
5964245
5964488
5964694
5964883
5964959
5964983
5966282
5966604
5966790
5967218
5967557
5967693
5967794
5967910
5967942
5968115
5968619
5968749
5968766
5968858
5968875
5969125
5969129
5969655
5969681
5969886
5970140
5970145
5970283
5970310
5970439
5970791
5971060
5971099
5971197
5971477
5971494
5971642
5971710
5971855
5972160
5972378
5972827
5972896
5973086
5973171
5973341
5973507
5973984
5974142
5974227
5974610
5974658
5974932
5974943
5975192
5975362
5975415
5975635
5975688
5975823
5976031
5976123
5976173
5976263
5976711
5976738
5977047
5977303
5977650
5977760
5977812
5977894
5977904
5978148
5978312
5978400
5978422
5978617
5978846
5978873
5979122
5979524
