2816713
2816745
2816802
2816872
2816955
2817033
2817247
2817260
2817499
2817552
2817658
2817712
2817925
2818438
2818740
2818807
2818879
2819133
2819181
2819221
2819233
2819316
2819348
2819349
2819350
2819351
2819356
2819358
2819359
2819362
2819363
2819364
2819368
2819373
2819380
2819381
2819387
2819403
2819416
2819424
2819526
2819656
2819681
2819830
2819873
2820067
2820360
2820562
2820701
2820798
2820863
2821238
2821355
2821757
2821877
2821927
2821981
2822080
2822116
2822133
2822328
2822607
2822624
2822843
2822944
2822952
2822964
2822969
2822986
2823010
2823114
2823275
2823317
2823508
2823597
2823632
2823867
2823962
2823964
2824005
2824074
2824357
2824579
2824667
2824685
2824698
2824727
2824761
2824872
2825517
2825761
2825796
2825820
2825945
2826114
2826161
2826377
2826507
2826599
2826980
