5640260
5640313
5640536
5640538
5640743
5640969
5641046
5641115
5641158
5641172
5641357
5641695
5641913
5642417
5642484
5642593
5643108
5643222
5643649
5643800
5644002
5644254
5644268
5644609
5644797
5644905
5645243
5645413
5645468
5645513
5645907
5645913
5645967
5646267
5646348
5646365
5646389
5646574
5646730
5647263
5647448
5647722
5647747
5647802
5647834
5647865
5647867
5647943
5648065
5648440
5648471
5648545
5648555
5648998
5649031
5649119
5649377
5649378
5649645
5649981
5650029
5650141
5650240
5650249
5650388
5650418
5650452
5650563
5650572
5650695
5650781
5651054
5651146
5651454
5651679
5651728
5651750
5652066
5652164
5652183
5652263
5652296
5652313
5652326
5652454
5652460
5653223
5653359
5653577
5653591
5653658
5653707
5653748
5653817
5653829
5654097
5654159
5654325
5654428
5654502
