1510825
1510882
1510958
1511003
1511058
1511114
1511198
1511335
1511405
1511414
1511427
1511503
1511509
1511514
1511588
1511679
1511686
1511700
1511805
1511869
1511921
1511979
1512256
1512555
1512740
1512799
1512824
1512832
1512868
1513057
1513177
1513225
1513274
1513306
1513404
1513483
1513539
1513583
1513600
1513615
1513759
1514002
1514166
1514258
1514302
1514304
1514320
1514347
1514817
1514987
1515027
1515099
1515251
1515280
1515292
1515322
1515385
1515507
1515583
1515620
1515712
1515742
1515862
1515943
1515975
1516035
1516094
1516544
1516599
1516604
1516778
1516875
1517503
1517576
1517611
1517655
1517827
1517875
1517879
1517943
1518273
1518291
1518321
1518370
1518449
1518469
1518588
1518677
1518836
1518910
1519073
1519109
1519131
1519177
1519178
1519264
1519267
1519282
1519285
1519320
