13422841
13422972
13424302
13424489
13426062
13427298
13427630
13427764
13427823
13429086
13430750
13432001
13432777
13433112
13433396
13433830
13433848
13436487
13436983
13438464
13438523
13439394
13440175
13440458
13440814
13441498
13441684
13443119
13445027
13445734
13447066
13448641
13448845
13449116
13449523
13450788
13450930
13452229
13453473
13453612
13453767
13454073
13454761
13456255
13457678
13457868
13458101
13459031
13459043
13460218
13461452
13461495
13462245
13462251
13462654
13462778
13462999
13463268
13463443
13463744
13464583
13466567
13468008
13468058
13468275
13468320
13468464
13468788
13469330
13469898
13471540
13471717
13472314
13472770
13473336
13474115
13475406
13475719
13475886
13476149
13476298
13476384
13478280
13478541
13478749
13479276
13479981
13480722
13481141
13481277
13482070
13482211
13482872
13482984
13483248
13484033
13485369
13485675
13485728
13486690
