3187969
3188099
3188476
3188598
3188691
3189261
3189342
3189541
3189556
3189744
3189884
3190035
3190253
3190314
3190388
3190420
3190513
3190533
3190801
3190848
3190930
3190963
3191201
3191395
3191450
3191624
3191932
3192158
3192192
3192328
3192797
3192799
3192863
3192878
3193038
3193222
3193499
3193744
3193760
3193970
3194017
3194117
3194206
3194216
3194386
3194468
3194751
3195135
3195373
3196029
3196067
3196761
3196880
3196978
3197328
3197558
3197948
3198107
3198189
3198267
3198413
3198447
3198522
3198547
3198602
3198885
3198999
3199111
3199530
3199662
3199680
3199691
3199855
3199858
3200172
3200636
3200733
3201181
3201597
3201747
3201979
3202069
3202480
3203050
3203068
3203099
3203232
3203283
3203302
3203375
3203486
3203499
3203537
3203778
3203835
3204039
3204172
3204375
3204453
3204660
