9534329
9534655
9534743
9535817
9536046
9536185
9536204
9536243
9536523
9537548
9537832
9538088
9538991
9539038
9539050
9539916
9540219
9540227
9540951
9542018
9542444
9542668
9542884
9542955
9543277
9543654
9544068
9544190
9544208
9544302
9544521
9545053
9545090
9545381
9545681
9545939
9546325
9547184
9547693
9548044
9549010
9549046
9549245
9549415
9549426
9549520
9549634
9549758
9550910
9551453
9551772
9551870
9552453
9552669
9552888
9553210
9553297
9553435
9553468
9553593
9553988
9554338
9554464
9554705
9555232
9555526
9555833
9555890
9557888
9557978
9558634
9558715
9559806
9560300
9560427
9560611
9561700
9561907
9562059
9562431
9562604
9562708
9563175
9563210
9563759
9564077
9564168
9564672
9565135
9565422
9565996
9566304
9566451
9566570
9566664
9566832
9567745
9568165
9568985
9569086
