113455
113457
113470
113754
113831
113931
114093
114095
114104
114295
114358
114533
114595
114748
115025
115129
115193
115251
115478
115567
115593
115719
115750
115908
115918
115961
116001
116089
116105
116322
116417
116518
116559
116623
117022
117102
117206
117284
117593
117632
117674
117791
117889
117996
118161
118519
118896
118987
119047
119309
119355
119359
119364
119411
119466
119543
119550
119638
119789
119858
119873
119890
120077
120084
120169
120366
120394
120663
120699
120713
120859
120946
120948
121019
121053
121137
121352
121417
121418
121455
121500
121791
121814
121832
121925
122042
122068
122095
122118
122208
122235
122262
122524
122560
122644
122758
122779
122785
122928
122960
