5562682
5562722
5562749
5562901
5562958
5563066
5563105
5563261
5563332
5563343
5563491
5563665
5563669
5563717
5563825
5563935
5563944
5564343
5564372
5564540
5564588
5565423
5565464
5565471
5566020
5566623
5566896
5567177
5567233
5567286
5567579
5567999
5568705
5568860
5569079
5569316
5569556
5569603
5569748
5569753
5569892
5569972
5569992
5570099
5570271
5570608
5571102
5571494
5571641
5572181
5572502
5573346
5573944
5573947
5574283
5574366
5574481
5575076
5575632
5575649
5575746
5576040
5576151
5576201
5576490
5576607
5576620
5576993
5577012
5577091
5577972
5578086
5578365
5578494
5578512
5578519
5578521
5578522
5578710
5578870
5579023
5579298
5579433
5579589
5579888
5579890
5580326
5580544
5580614
5580648
5580739
5580912
5581072
5581195
5581218
5581616
5581751
5581943
5582018
5582283
