10568948
10568990
10569112
10570956
10571255
10571559
10571681
10572315
10572388
10572803
10572809
10572868
10572961
10573450
10573473
10573503
10573812
10573924
10573941
10574277
10574556
10575751
10576373
10576398
10576737
10577591
10578330
10578615
10579190
10579654
10579717
10579762
10580231
10580285
10580298
10580615
10580659
10581855
10582413
10582892
10583233
10583426
10583819
10585808
10586641
10586785
10587200
10587402
10588666
10589258
10591149
10591741
10592027
10592748
10593080
10593496
10593500
10593541
10594779
10595297
10595487
10595690
10595924
10596173
10597507
10597776
10597802
10598067
10598776
10598924
10599127
10599714
10599715
10599832
10600134
10601140
10601292
10601310
10601379
10601738
10602251
10602404
10602511
10602951
10603145
10603641
10604868
10605145
10605229
10605233
10606257
10606280
10606289
10606628
10607143
10607622
10608419
10608602
10608882
10609053
