5671013
5671050
5671265
5671565
5671901
5672035
5672097
5672191
5672418
5672463
5672746
5672785
5672865
5673063
5673094
5673639
5674126
5674177
5674617
5674968
5675049
5675091
5675099
5675234
5675377
5675427
5675599
5675631
5675700
5675805
5675869
5676189
5676985
5677236
5677254
5677322
5677357
5677669
5677789
5677929
5678004
5678104
5678131
5678237
5678400
5678455
5678789
5678861
5680104
5680167
5680211
5680231
5680335
5680505
5680509
5680630
5680788
5680919
5680928
5681243
5681291
5681664
5681802
5682061
5682396
5682582
5682683
5683235
5683412
5683529
5683533
5683611
5683621
5683687
5683941
5684586
5684735
5684785
5685159
5685171
5685355
5685558
5685594
5685876
5686077
5686357
5686712
5687030
5687168
5687352
5687513
5688014
5688252
5688329
5688881
5688938
5688986
5690021
5690228
5690336
