12061888
12061916
12062762
12062803
12062805
12062907
12064339
12064758
12064982
12066037
12066053
12066292
12067030
12067196
12067509
12068130
12068334
12068540
12070158
12070230
12071341
12071608
12071773
12072693
12073314
12073469
12075093
12075499
12075528
12075754
12075832
12075986
12076279
12076402
12077204
12077410
12077423
12077427
12077737
12077990
12077997
12078226
12078564
12078934
12079288
12079296
12079683
12079952
12080036
12080710
12082345
12082913
12083457
12084213
12084272
12084601
12085028
12086245
12086624
12086920
12087577
12087902
12088225
12088331
12088791
12089007
12089784
12089946
12090315
12090607
12090638
12090753
12091140
12091303
12092030
12093028
12093140
12093156
12093246
12093574
12094024
12094291
12095781
12096457
12096853
12097408
12097720
12098255
12099591
12100259
12100908
12101191
12101645
12101710
12102042
12103281
12103447
12103638
12103810
12103902
