1764869
1764907
1764970
1764975
1765046
1765261
1765508
1765694
1765706
1765781
1766078
1766211
1766357
1766643
1766766
1766984
1767089
1767105
1767810
1767850
1768003
1768145
1768199
1768434
1768614
1768693
1768876
1768880
1768902
1768965
1769011
1769236
1769239
1769248
1769273
1769374
1769397
1769430
1769607
1769633
1769922
1769945
1770299
1770346
1770423
1770438
1770494
1770520
1770813
1770957
1771118
1771220
1771318
1771408
1771423
1771443
1771463
1771477
1771486
1771565
1771692
1771729
1771828
1771878
1771948
1771972
1772046
1772232
1772314
1772434
1772742
1772857
1773226
1773314
1773784
1773830
1774047
1774050
1774051
1774052
1774054
1774056
1774058
1774060
1774061
1774075
1774225
1774246
1774372
1774376
1774439
1774542
1774712
1774755
1774838
1774858
1774867
1774895
1774896
1774902
