20580622
20583532
20583604
20584544
20585233
20585354
20586198
20589430
20590649
20590796
20593307
20593891
20594436
20595499
20595931
20596599
20599227
20600464
20600777
20600986
20601090
20601641
20602006
20603390
20604003
20606372
20607653
20609265
20610190
20611044
20612492
20612564
20612618
20612621
20612669
20612698
20612760
20613201
20613393
20613862
20614037
20616816
20616858
20619966
20620379
20621645
20622175
20622661
20625204
20625705
20626245
20626482
20627112
20628067
20628646
20629939
20630315
20630476
20632004
20634464
20634547
20636287
20636600
20638482
20638736
20638856
20639370
20639598
20639856
20640878
20640975
20642273
20643028
20643137
20643456
20643645
20643824
20644332
20645458
20647365
20647910
20647969
20648470
20649938
20653117
20654765
20655199
20657967
20658116
20658145
20658162
20662212
20662745
20663248
20663476
20664981
20666949
20667563
20668236
20669270
