30679964
30681868
30682237
30684107
30684487
30684774
30685498
30686277
30687133
30687747
30690511
30691094
30693934
30698868
30700087
30702749
30707125
30708122
30709791
30711362
30712814
30712882
30715229
30715420
30715805
30716309
30717519
30718162
30720472
30720765
30722141
30723766
30728198
30729201
30729682
30729833
30729864
30729980
30731699
30732372
30733885
30734057
30735091
30736854
30736967
30739482
30739484
30740504
30741555
30741817
30742897
30744074
30746221
30746314
30747207
30747597
30749549
30749629
30750094
30750102
30750157
30750239
30750420
30751354
30752752
30758925
30759644
30760998
30761488
30761767
30761919
30762559
30764425
30766421
30766879
30767820
30769964
30770095
30771653
30772038
30772450
30772756
30774633
30774702
30775431
30778025
30778305
30782016
30785905
30786803
30787239
30787793
30789145
30791376
30794795
30797431
30797500
30799401
30799565
30799804
