3720159
3720293
3720437
3720445
3720549
3720635
3721035
3721037
3721300
3721395
3721642
3721849
3722273
3722438
3722966
3723067
3723167
3723211
3723516
3723570
3723876
3723963
3723989
3724181
3724322
3724715
3724739
3724791
3724873
3725063
3725083
3725213
3725397
3725653
3725743
3725780
3725802
3725822
3725836
3725972
3726094
3726186
3726488
3726613
3726791
3726848
3726865
3726885
3726955
3727079
3727518
3727522
3728128
3728130
3728252
3728427
3729259
3729311
3729340
3729521
3729567
3729933
3730499
3730535
3730572
3730687
3730711
3730801
3730810
3730814
3730872
3731055
3731165
3731570
3731881
3731911
3731945
3732076
3732173
3732278
3732387
3732491
3732879
3732884
3733514
3734264
3734396
3734553
3734744
3734824
3734945
3735229
3735647
3735870
3735917
3736078
3736122
3736190
3736228
3736428
