1480417
1480445
1480611
1480612
1480618
1480801
1480966
1480990
1480995
1481025
1481055
1481445
1481462
1481501
1481656
1481745
1482059
1482286
1482348
1482403
1482829
1482949
1482950
1482952
1482957
1482961
1483014
1483044
1483065
1483116
1483134
1483193
1483378
1483410
1483684
1483699
1483829
1484292
1484537
1484844
1484855
1484906
1485089
1485169
1485175
1485257
1485314
1485565
1485628
1485654
1485665
1485666
1485667
1485671
1485672
1485674
1485675
1485795
1485799
1485806
1485807
1485808
1485809
1485811
1485815
1485895
1485959
1486008
1486018
1486020
1486021
1486026
1486031
1486039
1486294
1486460
1486675
1486719
1486776
1486810
1486924
1486928
1486933
1487037
1487117
1487158
1487272
1487273
1487281
1487283
1487291
1487363
1487428
1487476
1487497
1487721
1487785
1487893
1487913
1487914
