1687191
1687245
1687279
1687353
1687367
1687479
1687490
1687509
1687580
1687777
1688252
1688404
1688463
1688479
1688577
1688659
1688793
1688797
1689164
1689436
1689695
1689725
1689764
1689786
1689905
1689924
1690000
1690015
1690083
1690100
1690110
1690114
1690117
1690137
1690171
1690176
1690367
1690533
1690536
1690607
1690692
1690836
1690887
1691274
1691299
1691317
1691443
1691693
1691791
1691954
1691965
1692256
1692383
1692500
1692593
1692652
1692741
1692805
1692931
1692973
1692984
1693051
1693149
1693216
1693334
1693469
1693583
1693609
1693686
1693775
1693805
1693821
1694029
1694047
1694167
1694437
1694446
1694483
1694513
1694567
1694569
1694662
1694826
1694890
1695122
1695193
1695213
1695365
1695378
1695550
1695781
1695825
1696110
1696185
1696240
1696257
1696272
1696301
1696328
1696373
