20241194
20241552
20242235
20242402
20243469
20244587
20245014
20245149
20245248
20246756
20247279
20248235
20250300
20250380
20251169
20252546
20256462
20256858
20257654
20257850
20258963
20259723
20259874
20260374
20260713
20263937
20264056
20264116
20264808
20265115
20266550
20266720
20267763
20268051
20269060
20269220
20269324
20269937
20270010
20271160
20272435
20272605
20272664
20274912
20277749
20277759
20279192
20280598
20280765
20282303
20283312
20284371
20285480
20287501
20288189
20289267
20289760
20289889
20290065
20290921
20293633
20294599
20295144
20296490
20297315
20298979
20300014
20300097
20301036
20301185
20301490
20303950
20306520
20307270
20308198
20310993
20311354
20313731
20314219
20314401
20314861
20314939
20315581
20316593
20316630
20316713
20317617
20318721
20318926
20320454
20320561
20320744
20321646
20321938
20322269
20322439
20324753
20324907
20325744
20326896
