1784694
1784808
1784860
1784944
1784974
1785017
1785108
1785272
1785515
1785597
1785615
1785684
1785709
1785779
1785810
1785939
1786038
1786048
1786100
1786330
1786549
1786755
1786833
1786849
1786884
1786910
1786982
1786983
1787348
1787401
1787847
1787929
1788127
1788141
1788198
1788239
1788337
1788382
1788593
1788736
1788780
1788783
1788860
1788863
1789045
1789062
1789091
1789095
1789401
1789516
1789733
1789755
1789758
1789850
1789852
1790033
1790058
1790059
1790134
1790150
1790202
1790252
1790597
1790755
1790837
1791182
1791236
1791280
1791487
1791782
1791821
1791928
1792150
1792169
1792187
1792242
1792299
1792337
1792352
1792424
1792467
1792555
1792583
1792723
1792767
1793206
1793302
1793325
1793701
1793760
1793811
1793941
1794101
1794340
1794547
1794552
1794568
1794810
1794995
1795190
