33734981
33735476
33736440
33737064
33738380
33738405
33738724
33742479
33745587
33746115
33747001
33747065
33748137
33750565
33753441
33754506
33755964
33756925
33759334
33760674
33761980
33763536
33763844
33763879
33764611
33766555
33766769
33767804
33768068
33768372
33768401
33769494
33770476
33772380
33772536
33772645
33774019
33777825
33779857
33783554
33784057
33784400
33785204
33785760
33786727
33790391
33791476
33792542
33792597
33793705
33795114
33797601
33797602
33798430
33801203
33805308
33805652
33805878
33806025
33806931
33807382
33808307
33808312
33808374
33812924
33813822
33813904
33814373
33814577
33814829
33815147
33815374
33816538
33817690
33819738
33820719
33822801
33823194
33825604
33834010
33835451
33836521
33837366
33837588
33839157
33839300
33840239
33841543
33842192
33842602
33843435
33843453
33843740
33850194
33851248
33852554
33854795
33855294
33857292
33863656
