23248181
23249493
23253136
23253765
23253788
23253988
23254121
23254829
23254967
23255214
23256709
23256766
23256891
23257177
23257358
23257396
23257442
23257982
23258346
23258373
23258832
23259261
23259932
23260481
23260510
23261894
23266082
23266740
23267474
23268884
23270449
23273222
23274373
23274764
23275821
23276144
23277377
23277906
23278223
23278293
23278369
23279888
23284392
23284933
23285133
23286326
23286826
23287731
23288446
23288847
23289701
23289956
23290510
23291028
23291277
23291338
23295275
23295419
23296072
23296556
23296593
23297337
23297549
23297753
23300207
23311581
23311632
23314012
23314908
23315914
23316918
23317789
23318477
23319205
23320191
23320504
23321732
23322440
23322802
23323894
23324110
23326983
23327838
23328327
23329856
23332037
23332474
23334972
23336702
23336732
23338802
23339605
23339860
23340734
23340753
23341027
23346015
23346921
23348546
23349852
