11707920
11709088
11709218
11709480
11709587
11711419
11711683
11711814
11712676
11712878
11714478
11714898
11715385
11715429
11715521
11715643
11715757
11716134
11716308
11716429
11716786
11716817
11716894
11717240
11718077
11718210
11719119
11719215
11719263
11719312
11719360
11720527
11720830
11720929
11721307
11722015
11722256
11722484
11723619
11723645
11725011
11725039
11725089
11726767
11727307
11727420
11729246
11729661
11730245
11731184
11731776
11732145
11732514
11733467
11733661
11733875
11733883
11734415
11734433
11734984
11735185
11735318
11736699
11736719
11737420
11737863
11737982
11738302
11738399
11740455
11740929
11740955
11741235
11741548
11741590
11741842
11741860
11741968
11742065
11742264
11742894
11743169
11743963
11745675
11745986
11746130
11746220
11746351
11746430
11746963
11747001
11747882
11748417
11748633
11748761
11748852
11749218
11750541
11750911
11751317
