1241339
1241431
1241483
1241495
1241522
1241773
1241810
1241816
1241882
1241894
1242165
1242174
1242468
1242661
1242674
1242688
1242693
1242726
1242833
1242960
1242972
1242979
1242989
1243033
1243106
1243198
1243294
1243308
1243325
1243330
1243453
1243457
1243586
1243594
1243647
1243768
1243914
1243915
1243944
1243955
1244048
1244148
1244152
1244177
1244196
1244233
1244237
1244243
1244300
1244558
1244577
1244594
1244767
1244818
1244834
1245084
1245212
1245260
1245357
1245438
1245439
1245792
1245970
1246075
1246181
1246219
1246341
1246368
1246604
1246765
1246837
1246873
1246891
1247009
1247026
1247068
1247179
1247234
1247542
1247574
1247585
1247873
1247903
1248150
1248184
1248193
1248236
1248475
1248752
1248825
1248844
1248986
1249269
1249272
1249285
1249444
1249526
1249631
1249778
1249841
