15550587
15551526
15552294
15554649
15555508
15556565
15558119
15558441
15558862
15559467
15559974
15560114
15560701
15561328
15561742
15561988
15562975
15563146
15564048
15564213
15564587
15564768
15564988
15565293
15565704
15565905
15566379
15567314
15568235
15568825
15569962
15570165
15570193
15570720
15572694
15572838
15573013
15573348
15573436
15574067
15574094
15574148
15574539
15574641
15575244
15575659
15576017
15576994
15577552
15577910
15579479
15579589
15579647
15580821
15581149
15581723
15583468
15583946
15584068
15584749
15584921
15585558
15587353
15587650
15588561
15588626
15588966
15590403
15590968
15591451
15592756
15593207
15593408
15593437
15594134
15594656
15595574
15597011
15597034
15597089
15597332
15597387
15597471
15598181
15598379
15598743
15598837
15599357
15599717
15600664
15600775
15600779
15601687
15603540
15604877
15606182
15606303
15606487
15607452
15607502
