5708893
5708964
5709011
5709335
5709354
5709360
5709454
5709937
5710647
5710827
5711020
5711051
5711073
5711353
5711688
5711914
5712249
5712265
5712509
5712536
5712659
5712759
5713173
5713448
5713467
5713865
5713921
5714094
5714464
5714504
5714509
5714624
5714712
5715064
5715157
5715205
5715343
5715376
5715404
5715410
5715498
5715674
5715747
5716025
5716275
5716709
5716896
5717204
5717415
5717536
5717635
5717706
5718196
5718211
5718297
5718372
5718547
5718659
5719795
5720021
5720046
5720144
5720350
5720856
5720910
5721001
5721074
5721231
5721564
5721974
5722133
5722505
5723096
5723410
5723437
5723856
5724579
5724770
5725059
5725102
5725362
5725386
5725440
5725495
5725748
5726652
5726832
5726941
5727221
5727408
5727638
5727674
5727699
5727854
5727959
5728044
5728052
5728277
5728561
5728643
