40773303
40775685
40777013
40780346
40782933
40785088
40786228
40786287
40786693
40788121
40791938
40794542
40794663
40795851
40795951
40798494
40799240
40800208
40800469
40801238
40802427
40808666
40809816
40811498
40812376
40812426
40813674
40816056
40817060
40817630
40819027
40819962
40821793
40822373
40823386
40824309
40825831
40827052
40828630
40829154
40829631
40833753
40836426
40836732
40837513
40839011
40841431
40846746
40848468
40852914
40860482
40861880
40862412
40863486
40863804
40864338
40870675
40872486
40874033
40875421
40879022
40879301
40882635
40884057
40885817
40886628
40887763
40888412
40890749
40893128
40896684
40898519
40899490
40901149
40901825
40903825
40906163
40908624
40908858
40910764
40916404
40919299
40919411
40921792
40922589
40923017
40925171
40925673
40926461
40927588
40929323
40930398
40931567
40931731
40931763
40933429
40934221
40936249
40937653
40939562
