16451322
16451391
16451797
16451881
16452393
16452575
16453085
16453164
16453594
16453838
16454356
16454699
16454955
16454966
16457110
16457597
16457964
16458039
16458582
16458746
16460358
16460902
16461454
16462285
16462553
16463427
16464500
16464538
16465303
16465491
16465809
16465966
16466560
16467898
16468345
16468648
16469310
16470018
16471041
16471320
16471880
16472389
16472474
16473323
16473504
16473807
16475044
16475213
16475232
16475618
16475899
16475905
16476741
16476816
16477472
16477984
16478256
16478546
16478795
16479231
16479399
16479602
16480083
16480109
16480472
16481141
16481334
16484252
16484820
16485638
16487004
16487011
16487347
16487724
16487738
16488925
16488970
16489382
16489505
16490077
16490126
16490263
16491069
16492312
16492967
16493252
16493382
16494030
16494471
16495000
16495144
16495664
16495777
16496355
16496498
16496506
16497077
16497724
16497867
16498078
