2851635
2851744
2851796
2851846
2851934
2851940
2852192
2852338
2852763
2852801
2853515
2853698
2853717
2853851
2853986
2854198
2854516
2854590
2854664
2854952
2854963
2855089
2855098
2855197
2855427
2855801
2855936
2855986
2855993
2856116
2856335
2856340
2856349
2856707
2856758
2856829
2857068
2857276
2857375
2857478
2857870
2858057
2858137
2858166
2858440
2858583
2858604
2858804
2859054
2859147
2859156
2859411
2859449
2859682
2859696
2859778
2859823
2860194
2860494
2860515
2860581
2860642
2860795
2860833
2861014
2861566
2861587
2861693
2861696
2861782
2862215
2862383
2862675
2862740
2862783
2862884
2863148
2863205
2863316
2863328
2863384
2863491
2863914
2863926
2864006
2864012
2864082
2864085
2864112
2864146
2864180
2864184
2864203
2864275
2864321
2864713
2864718
2864781
2865017
2865232
