11339859
11340301
11340537
11340942
11341181
11341492
11341522
11341850
11342326
11342477
11342951
11343322
11343457
11343512
11345113
11345521
11345763
11346944
11347881
11347903
11348108
11348927
11348954
11349188
11349214
11349234
11350247
11350325
11351203
11352319
11352331
11352567
11352737
11353311
11353760
11353901
11354026
11354255
11354266
11354643
11356136
11357714
11357889
11358132
11358484
11358737
11358777
11358918
11359506
11359603
11359695
11361139
11361479
11362518
11363515
11364883
11365120
11365680
11366078
11366298
11366362
11366596
11366906
11366952
11366958
11367280
11367475
11367490
11367882
11368117
11368299
11368300
11368527
11368531
11368736
11368822
11369026
11369062
11369320
11369381
11369933
11370528
11370668
11370761
11370841
11370883
11371508
11372090
11372314
11372507
11373009
11373163
11373245
11373707
11374123
11374581
11374652
11376045
11376112
11377093
