375538
375651
375829
375918
376003
376068
376098
376142
376156
376161
376178
376323
376381
376412
376444
376629
376644
376670
376843
377049
377112
377113
377144
377156
377160
377237
377266
377610
377654
377675
377769
377771
377846
377848
377853
377932
378069
378677
378988
378997
379057
379240
379287
379391
379411
379798
379828
379869
379878
380008
380100
380103
380116
380154
380265
380362
380439
380489
380597
381176
381511
381541
381664
381703
381762
381841
381892
381995
382208
382318
382325
382418
383219
383271
383765
383802
383830
383857
384051
384286
384360
384627
384632
384719
384757
384807
384871
384960
385094
385335
385902
385936
386045
386211
386285
386330
386558
386604
386809
386872
