12842143
12842309
12842423
12842508
12842669
12842893
12842951
12843991
12844444
12844847
12846213
12846518
12847115
12849733
12851010
12851289
12851416
12852861
12853017
12853201
12853540
12853560
12853668
12853722
12854696
12855204
12855386
12855774
12856465
12856472
12857330
12857461
12858446
12858917
12859101
12859106
12860258
12861172
12861869
12862193
12862236
12862259
12862579
12862649
12862726
12863037
12863195
12863899
12863983
12864367
12864692
12865564
12865633
12866344
12866351
12867228
12867865
12869406
12870297
12871823
12872240
12872588
12872731
12873400
12874007
12874687
12874863
12874949
12875305
12875412
12875482
12875790
12876645
12877303
12877352
12877676
12878092
12878225
12878917
12879170
12879628
12879881
12880314
12880717
12881066
12881231
12882795
12883031
12883213
12883223
12883356
12883650
12883781
12883927
12884402
12885107
12885612
12885716
12885754
12886293
