4299075
4299109
4299164
4299264
4299338
4299542
4299548
4299626
4299632
4299681
4299808
4299832
4299870
4300103
4300322
4300423
4300749
4300796
4300866
4300914
4301021
4301247
4301483
4301499
4301714
4301938
4302001
4302207
4302491
4302699
4302726
4302735
4302777
4302811
4303119
4303463
4303900
4303947
4303953
4303971
4303985
4303988
4304020
4304115
4304236
4304260
4304464
4304497
4304516
4304545
4304625
4304749
4304796
4304819
4304870
4305049
4305127
4305130
4305144
4305271
4306160
4306650
4306664
4306706
4306863
4306919
4306941
4306966
4306985
4307108
4307148
4307663
4307757
4308152
4308251
4308633
4308697
4308896
4308968
4308979
4309091
4309492
4309799
4309821
4309924
4309977
4310076
4310164
4310530
4310544
4310648
4310683
4310784
4310818
4310944
4311172
4311192
4311453
4311519
4311549
