14501463
14501466
14502022
14502209
14502290
14502438
14502542
14502664
14503587
14505086
14505531
14505609
14506236
14506522
14506770
14507412
14508336
14508884
14509401
14510108
14511851
14512441
14512444
14513114
14513163
14513258
14513376
14514150
14514192
14514286
14515092
14515184
14515393
14517125
14517298
14517368
14517700
14517961
14518640
14521564
14521603
14522339
14522689
14522709
14522995
14523239
14523461
14523511
14524302
14524473
14524878
14525445
14525776
14525810
14526817
14526848
14527330
14528113
14528392
14528821
14529745
14529864
14529944
14529973
14530049
14530144
14531578
14532818
14533291
14534274
14534632
14537189
14537801
14537955
14538487
14538817
14538856
14539622
14541191
14541808
14543693
14546419
14547083
14548103
14548481
14548733
14551471
14552643
14553127
14553999
14554275
14556507
14557063
14560001
14560345
14561115
14561657
14561827
14562357
14563470
