4593636
4593785
4593962
4593976
4594155
4594174
4594392
4594586
4594620
4594677
4594701
4594818
4595115
4595175
4595240
4595308
4595382
4595692
4595703
4595705
4595718
4595756
4595824
4595948
4595984
4596263
4596302
4596350
4596365
4596416
4596425
4596562
4596624
4596628
4596805
4596965
4597094
4597260
4597412
4597477
4597513
4597644
4597902
4598400
4598494
4598509
4598511
4598560
4598643
4598689
4598785
4599173
4599823
4600193
4600281
4600499
4600592
4600841
4600842
4600957
4600962
4601141
4601146
4601185
4601395
4601818
4602006
4602090
4602293
4602801
4602861
4602922
4602946
4603084
4603214
4603275
4603277
4603371
4603690
4603716
4603998
4604071
4604183
4604414
4604467
4604495
4604611
4604773
4604798
4604870
4605011
4605039
4605062
4605105
4605169
4605202
4605217
4605227
4605309
4605393
