7546571
7546799
7546887
7547007
7547024
7547044
7547157
7547539
7547784
7547939
7548063
7548247
7548310
7548482
7548533
7548661
7548904
7549260
7549399
7549537
7549538
7549610
7549718
7550002
7550059
7550096
7550480
7550531
7551008
7551192
7551223
7551657
7551686
7551966
7552008
7552420
7552485
7553161
7553574
7554112
7554513
7555236
7555250
7555337
7555696
7555828
7555893
7556128
7556141
7556467
7556491
7556576
7556672
7556712
7556722
7556986
7558359
7558581
7559182
7559348
7559377
7559742
7560076
7560525
7560671
7560748
7561076
7561126
7561213
7561274
7561847
7561972
7561976
7562006
7562011
7562113
7562202
7562218
7562628
7563074
7563347
7563770
7563899
7563906
7563936
7564935
7564988
7566229
7566933
7567178
7567528
7568188
7568227
7568270
7568416
7568545
7569244
7569687
7569698
7570141
