17859814
17859993
17860540
17860900
17861496
17861555
17862232
17863453
17863629
17863718
17863960
17864132
17864646
17864740
17864785
17866711
17866839
17867201
17867247
17868656
17869616
17871443
17871848
17873759
17873933
17874277
17874678
17874788
17875429
17875751
17876119
17876251
17877420
17877733
17878397
17879342
17879828
17879850
17880440
17880513
17880845
17881544
17881597
17882448
17884126
17885637
17885766
17886123
17887040
17888282
17890950
17891028
17891108
17891118
17891352
17892850
17894316
17894546
17894925
17896283
17896650
17896697
17896836
17896925
17897153
17898350
17898433
17898461
17898667
17898705
17898942
17899388
17900429
17902486
17902739
17903860
17904331
17904451
17905768
17906994
17907134
17907839
17909708
17910136
17910186
17910942
17910967
17912127
17912726
17913590
17914157
17917310
17917720
17918506
17919463
17919625
17920008
17920167
17920807
17921171
