5654531
5654888
5655090
5655143
5655311
5655342
5655481
5655571
5655636
5655949
5656265
5656326
5656589
5656598
5656678
5656896
5656985
5657138
5657249
5657363
5657721
5657964
5658136
5658627
5658648
5658653
5658707
5658819
5659134
5659908
5659932
5659962
5660080
5660151
5660158
5660254
5660616
5660690
5661278
5661536
5661626
5661785
5662250
5662276
5662747
5662840
5662935
5663350
5663545
5663614
5663741
5663935
5664197
5664272
5664396
5664580
5664701
5664728
5664789
5664920
5665089
5665255
5665294
5665331
5665488
5665517
5665621
5665693
5666047
5666052
5666064
5666138
5666366
5666400
5666413
5666488
5666545
5666671
5666698
5666723
5666802
5666890
5666946
5667096
5667241
5667316
5668067
5668180
5668631
5668661
5668910
5669277
5669319
5669332
5669878
5670195
5670538
5670621
5670658
5670668
