16412486
16412639
16412640
16412719
16412973
16413081
16413225
16413446
16413560
16413796
16413896
16414032
16414148
16414211
16414839
16414982
16415490
16415983
16416544
16416940
16417338
16418039
16418500
16418842
16419929
16420201
16421015
16421180
16421528
16421581
16421721
16421902
16423586
16424627
16426054
16426367
16426633
16427357
16427530
16427962
16428417
16429213
16429350
16429986
16430024
16430956
16431141
16432006
16432392
16433192
16433800
16434034
16435211
16435550
16436869
16437021
16437120
16437662
16437752
16438288
16438548
16439151
16439386
16439523
16439723
16439754
16440084
16440272
16440858
16441041
16441142
16442382
16442587
16443044
16443479
16443536
16444172
16444423
16444504
16444574
16445149
16445818
16446757
16446839
16446868
16447220
16447630
16447908
16448105
16448130
16448428
16448442
16449041
16449588
16449834
16449960
16449995
16451101
16451158
16451173
