24467187
24467664
24468591
24469509
24470189
24473215
24475710
24476536
24476610
24476793
24476933
24480223
24482624
24482688
24484070
24484844
24485825
24487158
24491826
24492452
24495071
24495638
24498353
24500161
24500170
24500787
24501044
24501223
24502337
24502888
24503031
24503601
24504606
24504647
24505660
24506131
24507139
24507340
24507692
24507933
24508120
24508868
24510132
24510965
24512354
24512964
24513425
24514010
24514533
24515754
24517097
24522033
24522519
24523001
24523293
24524605
24525062
24525087
24525234
24525414
24525919
24526012
24526093
24526870
24527278
24528212
24528418
24528730
24529024
24529420
24544411
24546288
24546470
24547193
24547207
24548041
24548700
24550000
24550141
24551819
24552417
24555207
24556879
24558454
24559077
24559289
24559543
24559858
24561227
24561741
24562055
24562283
24562387
24563096
24563365
24563838
24565245
24565940
24566929
24569983
