20173414
20174307
20174981
20175564
20176871
20176895
20177406
20177465
20177965
20178030
20178193
20178368
20178802
20178841
20179895
20180023
20180241
20180349
20180872
20182870
20183744
20185102
20185204
20186736
20186963
20189241
20190972
20191847
20192545
20192814
20193682
20193823
20194828
20195328
20197164
20198032
20198449
20198604
20198628
20198920
20199358
20200461
20200484
20200924
20201350
20203083
20203897
20204470
20204850
20205997
20206764
20207068
20207336
20208941
20210405
20210983
20212155
20212594
20212640
20212892
20214689
20216667
20216772
20217050
20217965
20220228
20220392
20221473
20221592
20222173
20223234
20223364
20223502
20225037
20225353
20225486
20226037
20226386
20227438
20228852
20229050
20229277
20229897
20229972
20231296
20231386
20231498
20231910
20232011
20232449
20232828
20233429
20233597
20233848
20235487
20235546
20237163
20238101
20238298
20238629
