6365228
6365385
6365639
6365938
6366051
6366902
6367245
6367913
6368671
6369192
6369211
6369433
6369528
6369552
6369627
6370441
6370984
6371511
6371633
6372172
6372492
6372832
6373089
6373147
6373524
6373551
6373766
6374543
6378010
6378074
6378341
6378400
6378601
6378663
6379353
6379613
6379694
6380098
6380349
6380553
6380635
6380728
6380762
6380815
6381646
6381702
6381892
6382335
6382543
6382815
6383021
6383066
6383171
6383782
6383877
6383925
6384238
6384409
6384457
6384758
6385933
6386015
6386045
6386063
6386300
6386429
6386602
6386819
6387103
6387320
6387444
6387559
6388408
6388473
6388741
6389129
6389395
6389515
6389707
6390121
6390337
6390958
6391321
6391858
6392750
6393231
6393545
6393695
6394095
6394261
6394361
6394850
6395031
6395444
6395855
6395983
6396256
6396276
6396755
6397912
