32934288
32936449
32936806
32938101
32939450
32939877
32941125
32942240
32942383
32944075
32946821
32947843
32949461
32950491
32951803
32952285
32952655
32954237
32954491
32954678
32954772
32955548
32955754
32958939
32963415
32963461
32963665
32965140
32966265
32966837
32970917
32974532
32974712
32975196
32977312
32978445
32979797
32981730
32982780
32983224
32983951
32985014
32985575
32985895
32991151
32991263
32993209
32995084
32999571
33000750
33001067
33002498
33003615
33006959
33007688
33008120
33008562
33009087
33010654
33011715
33015790
33016536
33017657
33021794
33022253
33023649
33025242
33027328
33029851
33030448
33034994
33035308
33035703
33035968
33038348
33041216
33042708
33042830
33043924
33044249
33044509
33045411
33046525
33046877
33049392
33051896
33053955
33055577
33059235
33059456
33059618
33063272
33064145
33064218
33064332
33064501
33069360
33070263
33071191
33071241
