809153
809260
809346
809361
809553
809555
809599
809649
809671
809770
809797
809869
809978
810048
810115
810136
810344
810364
810436
810514
810550
810689
810718
810788
810882
810908
810934
810965
810989
811009
811117
811153
811197
811224
811315
811377
811514
811556
811567
811674
811687
811702
811806
811812
811861
811928
811936
811952
812153
812156
812216
812230
812319
812326
812459
812792
812860
812889
812954
812976
813060
813068
813113
813155
813234
813275
813333
813335
813351
813380
813460
813555
813598
813695
813720
813923
813945
814120
814219
814315
814524
814529
814674
814683
814698
814730
814758
814783
814853
814857
814968
814988
815087
815147
815294
815368
815494
815592
815642
815774
