14777767
14778607
14778874
14779608
14779691
14780864
14781189
14782327
14783262
14783477
14785557
14787208
14788271
14791935
14791969
14793179
14793779
14794349
14794444
14794986
14795523
14795526
14795733
14795778
14796282
14796340
14797549
14798660
14798887
14798948
14799977
14800532
14801340
14801481
14801520
14801586
14802213
14803164
14804546
14805466
14805495
14805521
14805741
14806661
14806684
14807383
14807679
14808095
14808368
14811267
14811281
14811331
14812227
14812507
14813174
14813237
14813745
14815377
14817557
14818312
14818363
14818690
14819883
14819955
14820054
14820319
14820449
14820886
14822435
14822541
14822565
14823722
14824609
14824621
14826325
14826373
14826536
14827136
14827241
14827615
14827724
14827920
14827937
14828260
14828298
14828762
14829088
14829816
14830881
14830941
14831541
14832206
14833265
14834224
14835249
14836525
14837393
14839748
14840964
14841481
