15925880
15926064
15926637
15926761
15926927
15927019
15927336
15927776
15927808
15929062
15929551
15929563
15929697
15930173
15930380
15930581
15930797
15930995
15931055
15932313
15932729
15933075
15933688
15933808
15934317
15934729
15934910
15935027
15935142
15935500
15935833
15938300
15938887
15939758
15939776
15939838
15940753
15941392
15942704
15943058
15943670
15943735
15943850
15943891
15943954
15944590
15945097
15945155
15945561
15945687
15945732
15946425
15946511
15946695
15948322
15949547
15950198
15950454
15951731
15951823
15952148
15952516
15953053
15953385
15953545
15953586
15954061
15955125
15955607
15956124
15956312
15956364
15956424
15956531
15956808
15956982
15957760
15957778
15957996
15958091
15958149
15958341
15959060
15959258
15960175
15961139
15961480
15962109
15962115
15963000
15963080
15963175
15963295
15963510
15964089
15964235
15964907
15964990
15966147
15967135
