1897560
1897599
1898203
1898425
1898432
1898593
1898596
1898681
1898811
1898818
1898945
1899155
1899505
1899559
1899585
1899600
1899640
1899645
1899741
1899991
1899996
1900005
1900281
1900312
1900547
1900609
1900614
1900625
1900628
1900686
1900754
1900757
1900937
1900991
1901019
1901265
1901394
1901506
1901592
1901645
1901863
1901874
1901966
1902178
1903142
1904058
1904214
1904412
1904708
1904766
1904767
1904870
1905251
1905368
1905413
1905612
1905664
1905669
1905793
1905794
1905803
1906066
1906287
1906371
1906492
1906505
1906559
1906694
1906825
1907146
1907211
1907425
1907464
1907508
1907566
1907589
1907605
1907631
1907686
1907923
1907980
1908092
1908295
1908391
1908472
1908674
1908681
1908709
1908711
1908859
1908909
1908935
1909017
1909127
1909169
1909188
1909317
1909365
1909398
1909476
