4528847
4529176
4529278
4529317
4529438
4529589
4529835
4529901
4529902
4530142
4530148
4530196
4530228
4530308
4530690
4531178
4531187
4531196
4531252
4531276
4531338
4531655
4531733
4532232
4532375
4532593
4532867
4533165
4533647
4533663
4533702
4533782
4533870
4533917
4533977
4533991
4534074
4534185
4534187
4534195
4534207
4534208
4534219
4534291
4534418
4534422
4534496
4534535
4534616
4534961
4535031
4535064
4535161
4535182
4535308
4535706
4535787
4535813
4535860
4535875
4535929
4536004
4536163
4536199
4536688
4536709
4536737
4536781
4536788
4536848
4536897
4536942
4537154
4537220
4537435
4537470
4537524
4537570
4537603
4537779
4537805
4537834
4537844
4537892
4538036
4538239
4538344
4538351
4538456
4538606
4539034
4539038
4539054
4539225
4539340
4539346
4539536
4539713
4539769
4540045
