24155338
24157616
24158587
24159002
24159074
24159147
24159356
24159409
24161669
24162139
24162204
24162832
24163523
24164351
24165148
24165918
24166957
24167370
24167670
24168137
24168364
24168934
24169955
24172239
24173574
24175375
24176396
24177438
24179446
24179704
24181580
24182620
24185231
24186931
24189253
24189731
24189824
24191203
24192151
24192429
24193094
24193855
24193916
24197589
24198353
24198567
24201388
24203199
24203867
24204440
24206185
24206425
24207101
24209176
24210257
24212526
24212594
24213919
24216166
24217099
24222938
24223859
24224771
24225715
24226353
24226501
24226524
24227447
24227687
24229279
24229532
24231297
24231752
24234840
24235258
24235786
24235909
24236945
24237405
24237892
24239213
24239643
24239707
24240259
24240818
24241130
24241179
24242868
24243788
24244190
24244257
24245564
24246157
24253006
24256155
24256587
24257714
24258709
24259094
24259917
