33485549
33486727
33487006
33488244
33488293
33490781
33492537
33496134
33498506
33498701
33499668
33499794
33500098
33503361
33504181
33504421
33504755
33508117
33509702
33512936
33513459
33515518
33515882
33516868
33518247
33520812
33522171
33523184
33525306
33531674
33532028
33533486
33534288
33534571
33534697
33535828
33535907
33537883
33538351
33538981
33540098
33540478
33540981
33542685
33546103
33546112
33546638
33547410
33548403
33548731
33550870
33550975
33552078
33552087
33554105
33555454
33559248
33560001
33560226
33560841
33561110
33561344
33565915
33568094
33568646
33569076
33570590
33570762
33571220
33571992
33573207
33575588
33575825
33577312
33578830
33580398
33581645
33582002
33582286
33583087
33593097
33594636
33597613
33598371
33598991
33601143
33602367
33603522
33604973
33605975
33606614
33606877
33607360
33607513
33609358
33611459
33611699
33614117
33617398
33617999
