3546227
3546244
3546524
3546781
3546830
3547034
3547342
3547382
3547463
3547703
3547706
3547709
3547865
3547950
3548016
3548050
3548273
3548541
3548774
3548790
3549039
3549157
3549317
3549599
3549680
3549687
3549731
3550341
3550357
3550560
3550640
3550903
3551314
3551390
3551669
3551779
3552028
3552205
3552229
3552392
3552395
3552400
3552533
3552538
3552569
3552971
3553158
3553301
3553583
3553977
3554112
3554258
3554459
3554630
3554837
3554979
3555197
3555469
3555543
3555700
3555807
3556162
3556463
3556558
3556591
3556601
3557141
3557155
3557406
3557540
3557552
3557554
3557625
3557626
3557663
3557731
3557758
3557870
3558000
3558250
3558262
3558402
3558604
3558624
3558823
3558850
3558863
3558908
3558975
3559026
3559325
3559563
3559589
3559658
3559663
3560055
3560669
3560800
3561054
3561339
