22530760
22531315
22534310
22536246
22537283
22538289
22538629
22539899
22541244
22541267
22541776
22541799
22541927
22544421
22544602
22544967
22545362
22545594
22546532
22547580
22548438
22548803
22548891
22550281
22551010
22552748
22553293
22553375
22554596
22554727
22555488
22556035
22556178
22556741
22557562
22558035
22558728
22559275
22559509
22559853
22560083
22561108
22561676
22562310
22562798
22563386
22563587
22564708
22564968
22567908
22569142
22569932
22570290
22570407
22571122
22573645
22574006
22574170
22574746
22575721
22576135
22577269
22577829
22580233
22581101
22581852
22583254
22583808
22584364
22585258
22585999
22586142
22586187
22586487
22586692
22586767
22586991
22587561
22587762
22588591
22588808
22590995
22591633
22593756
22594187
22595389
22596480
22597089
22597194
22597568
22597973
22598183
22599088
22599917
22600110
22600410
22600710
22603546
22603835
22604003
