12151257
12151288
12151372
12151939
12152217
12152603
12152995
12153194
12153519
12153641
12153729
12154044
12154313
12154334
12154448
12154960
12154965
12155159
12155858
12156075
12156154
12156743
12157008
12157166
12157852
12157912
12157945
12158128
12158964
12159083
12159608
12160633
12160782
12160970
12161457
12161474
12163359
12163426
12163445
12163679
12163965
12164159
12164612
12165463
12165756
12167124
12167196
12167484
12167834
12168280
12168614
12168946
12169135
12169149
12169199
12169561
12170936
12171403
12173253
12173622
12173676
12173770
12174141
12174296
12175060
12175742
12176311
12176942
12176961
12177524
12177802
12177970
12178053
12178065
12178437
12178978
12179350
12180036
12180076
12180848
12180890
12181034
12181380
12181643
12181831
12181946
12182017
12182398
12182611
12182634
12182693
12182746
12183050
12183082
12184154
12184368
12184383
12184464
12185029
12185086
