2672271
2672470
2672618
2672626
2672795
2672834
2672891
2673422
2673739
2673751
2674060
2674413
2674483
2674512
2674838
2675184
2675257
2675476
2675589
2675749
2676032
2676175
2676436
2676490
2676627
2676895
2676900
2676919
2677162
2677847
2677951
2677973
2678017
2678041
2678163
2678179
2678316
2678338
2678357
2678524
2678645
2678666
2678707
2678717
2678816
2678997
2679105
2679260
2679273
2679341
2679357
2679575
2679651
2679879
2680018
2680049
2680073
2680107
2680138
2680169
2680176
2680233
2680319
2680334
2680366
2680372
2680490
2680522
2681086
2681150
2681232
2681306
2681311
2681495
2681526
2681568
2681613
2681756
2681812
2681902
2681915
2682192
2682220
2682259
2682353
2682370
2682408
2682443
2682623
2682636
2682765
2682852
2683013
2683020
2683023
2683179
2683286
2683365
2683466
2683659
