29872432
29872439
29873718
29875511
29875667
29877939
29880603
29882091
29882184
29884288
29885137
29885515
29886739
29886792
29888140
29889069
29890168
29890618
29891135
29891524
29891527
29892621
29893952
29895334
29896540
29897138
29903612
29910160
29912252
29912316
29915998
29916810
29918249
29920258
29921038
29921134
29921659
29922002
29922375
29922387
29924901
29924908
29925000
29925871
29927050
29927705
29928450
29928988
29930368
29930424
29930833
29931046
29932157
29938214
29938701
29940397
29941836
29942054
29945472
29947074
29947686
29949486
29950008
29951475
29952571
29952844
29953117
29954341
29955093
29955705
29956277
29956604
29957634
29959193
29959929
29962154
29963150
29963242
29968286
29968500
29970016
29970404
29972501
29973025
29974415
29977297
29978643
29978985
29980878
29980955
29981160
29983561
29984262
29984898
29987922
29991638
29994698
29995189
29999402
30002168
