4337305
4337414
4337436
4337602
4337771
4338203
4338348
4338505
4338509
4338543
4338932
4339152
4339211
4339289
4339636
4339700
4339915
4340080
4340105
4340138
4340158
4340452
4340624
4340794
4341022
4341052
4341056
4341183
4341219
4341599
4341680
4341752
4341965
4342115
4342143
4342468
4342568
4342594
4342623
4342733
4342769
4342977
4343029
4343048
4343123
4343129
4343283
4343343
4343799
4343865
4344063
4344574
4344679
4344766
4344904
4345065
4345117
4345392
4345432
4345839
4345844
4345979
4345987
4346348
4346548
4346640
4346702
4346774
4347066
4347230
4347341
4347501
4347687
4347705
4347749
4347806
4347823
4347928
4348360
4348387
4348396
4348472
4348547
4348575
4348998
4349198
4349274
4349478
4349493
4349569
4349604
4349663
4349688
4349690
4349715
4349726
4349747
4349787
4349859
4349951
