15135705
15135933
15136199
15136200
15136977
15137561
15139616
15139865
15140542
15140562
15140997
15141065
15141145
15141171
15141193
15141547
15142549
15142855
15143171
15143950
15144741
15144874
15145129
15145461
15145520
15145925
15146229
15147127
15147825
15148348
15148423
15148605
15148714
15148824
15148928
15150143
15152320
15152866
15152879
15153023
15153783
15153889
15154422
15154637
15154858
15155852
15157129
15161418
15161996
15162003
15162786
15163323
15163641
15163824
15163991
15164062
15164144
15164660
15164752
15165287
15165602
15166015
15166042
15166107
15166662
15166733
15167735
15168225
15168408
15170138
15170378
15170501
15171447
15171813
15172076
15172641
15173064
15173364
15173531
15174510
15174766
15174981
15175581
15176111
15176297
15177121
15177613
15177736
15177987
15178143
15178651
15178686
15179033
15179564
15180089
15180166
15180715
15180974
15180983
15181566
