11048138
11048316
11048389
11048500
11048616
11049027
11049174
11049276
11049688
11049829
11050835
11051095
11051099
11051583
11051698
11051860
11051958
11052562
11052622
11052783
11053116
11053129
11053627
11053853
11054002
11054305
11055599
11055631
11056083
11057664
11057798
11058425
11059108
11059182
11060422
11060557
11060834
11060892
11060969
11061548
11061810
11062095
11062469
11062546
11063793
11063800
11064219
11064872
11065454
11066138
11066209
11066238
11067155
11067956
11068250
11069063
11069209
11069313
11069407
11069629
11069670
11070130
11070603
11071100
11071403
11072002
11072182
11072350
11072558
11072888
11072962
11073996
11074001
11074745
11075315
11075347
11075537
11076382
11076653
11076769
11076788
11076925
11077046
11078566
11079706
11080377
11080407
11080882
11081118
11081172
11081698
11081813
11081956
11081991
11082334
11082371
11082551
11082844
11082942
11083015
