3137962
3138055
3138080
3138368
3138518
3138525
3138552
3138593
3138721
3138749
3138783
3138784
3138785
3138787
3138792
3139123
3139199
3139413
3139558
3139637
3139755
3139773
3139835
3140041
3140148
3140185
3140364
3140570
3140646
3140676
3141152
3141173
3141620
3141625
3141790
3141951
3142150
3142178
3142243
3142255
3142643
3142717
3142996
3143031
3143074
3143126
3143280
3143396
3143599
3143688
3144031
3144797
3145186
3145267
3145296
3145390
3145526
3145539
3145554
3145672
3145696
3145701
3145784
3145839
3145939
3145940
3145941
3146005
3146037
3146144
3146164
3146170
3146656
3146833
3147243
3147445
3147531
3147593
3147598
3147659
3147703
3147955
3147958
3148420
3148583
3148713
3148720
3148963
3149276
3149325
3149808
3149832
3149873
3150101
3150238
3150432
3150513
3150516
3150646
3150718
