2935466
2935538
2935794
2935948
2935987
2936047
2936454
2936507
2936532
2936543
2936874
2937344
2937360
2937436
2937456
2937553
2937568
2937621
2937670
2937673
2937773
2937907
2938290
2938483
2938801
2939393
2939714
2939809
2940101
2940112
2940130
2940228
2940271
2940463
2940618
2940642
2940681
2940731
2940982
2941057
2941084
2941140
2941233
2941288
2941309
2941466
2941537
2941610
2941625
2941711
2941998
2942087
2942115
2942754
2942914
2942946
2943061
2943374
2943650
2943799
2943813
2943822
2943986
2944333
2944352
2944417
2944442
2944485
2944659
2944756
2944776
2944836
2945003
2945108
2945188
2945265
2945523
2945568
2945573
2945708
2945732
2945833
2946288
2946435
2946439
2946508
2946679
2946714
2946723
2946836
2946844
2946928
2947041
2947350
2948172
2948245
2948596
2949041
2949259
2949635
