15423601
15424210
15425553
15425815
15426008
15426378
15426472
15426936
15427287
15427467
15428434
15429454
15429781
15431044
15431725
15432006
15432163
15433493
15433751
15435294
15436381
15436905
15437782
15437938
15438324
15438473
15438671
15438946
15439042
15439552
15439733
15439908
15440106
15440109
15440715
15441867
15445160
15447510
15447588
15448712
15451206
15451986
15452420
15453021
15453277
15453538
15453745
15454021
15454507
15454686
15454760
15455670
15456395
15457599
15457649
15458497
15458954
15459408
15460437
15461604
15462376
15464179
15464274
15465964
15466322
15466665
15467413
15468218
15468639
15469490
15470114
15471728
15472149
15475438
15475510
15478546
15478767
15479054
15479943
15480146
15481607
15482795
15483666
15483796
15485558
15485740
15486261
15486456
15486651
15487358
15488085
15488219
15489889
15490035
15490138
15490375
15490540
15490662
15490823
15491029
