3110798
3110898
3110993
3111433
3111449
3111606
3111662
3111796
3111813
3111831
3111860
3111936
3111961
3111976
3112032
3112115
3112238
3112303
3112511
3112573
3112674
3112716
3112783
3112841
3112846
3112903
3113043
3113064
3113081
3113115
3113255
3113268
3113346
3113443
3113505
3113707
3113748
3113792
3113826
3113870
3113894
3114011
3114096
3114112
3114120
3114254
3114266
3114330
3114363
3114382
3114445
3114472
3114482
3114508
3114600
3114642
3114668
3114898
3114931
3114983
3115124
3115151
3115209
3115213
3115431
3115691
3115715
3115854
3116212
3116284
3116317
3116538
3116708
3116749
3116910
3116964
3116981
3116986
3116987
3116994
3116997
3117027
3117138
3117140
3117142
3117155
3117164
3117200
3117349
3117450
3117761
3117889
3117971
3118046
3118143
3118159
3118208
3118214
3118293
