2920221
2920332
2920397
2920412
2920671
2920688
2920852
2921004
2921113
2921183
2921187
2921443
2921566
2921635
2921867
2921869
2922134
2922419
2922498
2922699
2922700
2922917
2922992
2923203
2923433
2923616
2923705
2923842
2923951
2924225
2924259
2924272
2924465
2924584
2925128
2925316
2925412
2925625
2926103
2926134
2926377
2926411
2926450
2926710
2927123
2927478
2927952
2927971
2928169
2928389
2928430
2928614
2928861
2929222
2929365
2929440
2929475
2929582
2929885
2929898
2930019
2930083
2930413
2930541
2930593
2930627
2930709
2930992
2931107
2931201
2931274
2931471
2931518
2931680
2931751
2931843
2931891
2932108
2932176
2932188
2932265
2932848
2932997
2933064
2933216
2933512
2933869
2934066
2934093
2934155
2934348
2934363
2934419
2934545
2934631
2934656
2935002
2935034
2935111
