21912
21989
22104
22116
22132
22480
22799
23178
23760
24101
24290
24471
24549
24655
24844
24890
24911
24992
25060
25131
26269
26385
26469
26583
26684
26701
26852
27128
27240
27256
27323
27465
27521
27572
27633
27645
27653
27697
27768
27837
27925
28070
28338
28481
28502
28516
28853
28983
29084
29152
29268
29535
29783
29829
29890
30032
30778
30800
30853
31111
31328
31466
31552
31867
32006
32026
32051
32069
32123
32271
32369
32455
32494
32652
32822
32853
32875
32945
33198
33240
33369
33606
33647
33657
33741
33887
33934
34018
34054
34138
34279
34291
34364
34487
34566
34606
34778
34841
34939
34945
