9340791
9340842
9341030
9341104
9341124
9341569
9341881
9342192
9342428
9343977
9344283
9344916
9345679
9345839
9345846
9345958
9345969
9345985
9346075
9346119
9346189
9346474
9347243
9347427
9347667
9347695
9347961
9348091
9348132
9348752
9348795
9348848
9349692
9350222
9350615
9351225
9351494
9351515
9351599
9352230
9353622
9353787
9353833
9354047
9355151
9355222
9355330
9355610
9356418
9356860
9357537
9357965
9358597
9358720
9359356
9359576
9359773
9360095
9360568
9360879
9362492
9363323
9363441
9363642
9363716
9363934
9364198
9364772
9365548
9366005
9366121
9368102
9368290
9368683
9370621
9370655
9370957
9371373
9371431
9372006
9372060
9372114
9372186
9372623
9373009
9373024
9373843
9375136
9375331
9375463
9375730
9376205
9376487
9377172
9377254
9377641
9378044
9378045
9378623
9379949
