11841688
11842835
11842877
11843336
11843380
11843526
11843561
11843858
11843883
11843922
11844486
11844800
11845059
11845240
11845373
11845498
11845601
11845733
11846354
11846574
11847161
11847447
11848645
11848839
11848855
11849769
11850179
11850210
11851288
11851886
11855472
11855745
11856352
11856648
11856684
11857531
11857534
11857860
11858187
11858497
11858596
11858708
11858838
11858923
11859237
11859352
11859394
11859816
11860236
11861187
11861589
11862374
11862497
11862533
11862821
11862961
11863525
11863812
11863847
11863959
11864254
11864889
11865193
11866018
11866358
11866478
11866633
11866773
11866958
11867598
11867647
11868221
11868638
11869009
11869254
11870842
11871153
11871443
11871490
11872006
11872431
11872598
11872967
11873209
11874956
11874992
11875137
11875249
11875880
11875900
11876394
11876480
11876503
11876983
11877195
11878313
11878626
11878900
11879121
11880399
