7013684
7013774
7014092
7014448
7014458
7014546
7014737
7014808
7015049
7015313
7015404
7015532
7015678
7015923
7016091
7016187
7016274
7016554
7016609
7016662
7016755
7016891
7017223
7017564
7017667
7018118
7018156
7018240
7018299
7018521
7018526
7018585
7019363
7020699
7020991
7021141
7021519
7022006
7022050
7022107
7022505
7022574
7022998
7023131
7023277
7023411
7023789
7024277
7024448
7024735
7024922
7025171
7025509
7025603
7025678
7026787
7026833
7027035
7027222
7027252
7027340
7027566
7028014
7028387
7028589
7028640
7029061
7029253
7029389
7029395
7029811
7030709
7030878
7031015
7031474
7031540
7031625
7031966
7032077
7032083
7032253
7032292
7032996
7033483
7033650
7034125
7035097
7035271
7035616
7036169
7036337
7036778
7036860
7036930
7036979
7037115
7037210
7038225
7038499
7038725
