14064646
14065135
14065301
14065668
14066006
14066831
14066850
14066942
14067489
14069362
14069743
14070402
14070436
14071865
14072184
14072999
14073096
14073256
14073647
14074609
14074962
14077732
14078231
14078241
14078311
14079034
14079736
14080289
14080358
14080607
14080666
14081091
14081429
14081467
14081831
14083521
14084916
14087162
14089565
14089651
14091244
14092188
14092682
14092880
14093752
14093776
14093936
14093942
14094404
14094656
14095070
14095239
14095589
14095741
14096953
14097827
14097857
14097885
14098107
14098691
14099009
14099731
14100604
14100971
14101447
14101621
14101810
14102480
14103074
14103794
14103884
14104618
14104752
14105104
14106082
14108104
14108668
14108849
14109353
14110328
14110490
14111218
14111569
14111584
14112217
14112458
14112847
14113338
14114235
14114807
14115331
14115717
14119473
14120982
14121142
14121181
14121270
14122459
14124203
14124806
