4350136
4350144
4350400
4350714
4350802
4350863
4350943
4351247
4351282
4351366
4351499
4351665
4351693
4351702
4352307
4352337
4352512
4352523
4352595
4352678
4352832
4352834
4352836
4352839
4352841
4352845
4352848
4352850
4352862
4352864
4352868
4353040
4353081
4353172
4353342
4353734
4353955
4353990
4354211
4354532
4354626
4354772
4354832
4354840
4354951
4354960
4355009
4355031
4355040
4355058
4355064
4355170
4355184
4355248
4355279
4355872
4355904
4356179
4356275
4356644
4356983
4357297
4357346
4357686
4357922
4357982
4357994
4358100
4358304
4358357
4358828
4358851
4359215
4359289
4359392
4359398
4359440
4359524
4359927
4360234
4360448
4360473
4360633
4360772
4361257
4361394
4361656
4361818
4362035
4362122
4362129
4362252
4362276
4362297
4362397
4362587
4362598
4362989
4363145
4363301
