9649653
9649711
9649995
9650142
9650318
9650368
9650791
9650876
9651551
9652365
9653333
9653690
9654302
9654491
9654996
9655213
9655405
9655432
9655447
9655539
9655834
9656115
9656350
9656552
9657126
9657207
9657269
9657958
9658030
9658135
9658665
9659396
9659631
9659774
9660472
9660715
9660719
9660749
9660962
9661227
9661284
9661913
9661914
9662007
9662441
9662770
9662960
9663084
9663160
9663369
9663999
9664054
9664069
9664127
9665190
9666606
9667353
9667530
9667779
9669307
9669433
9669491
9669522
9669610
9669821
9669863
9669930
9670038
9670435
9670606
9671329
9671641
9672389
9672798
9673275
9673368
9673538
9673711
9673721
9674226
9674367
9674618
9674822
9674977
9675266
9675491
9675600
9675630
9675944
9676377
9676428
9676570
9676627
9676770
9676873
9677154
9677516
9679492
9679850
9681859
