2298188
2298318
2298517
2298541
2298611
2298644
2298648
2298856
2298902
2298903
2298951
2298972
2298992
2298999
2299008
2299047
2299052
2299056
2299063
2299097
2299197
2299205
2299224
2299298
2299324
2299348
2299416
2299424
2299495
2299608
2299828
2299897
2299906
2299916
2300034
2300062
2300072
2300114
2300225
2300297
2300453
2300462
2300545
2300559
2300574
2300640
2300904
2300967
2301041
2301057
2301144
2301237
2301563
2301692
2301735
2301745
2301900
2301939
2302011
2302319
2302435
2302536
2302616
2302718
2302770
2303260
2303296
2303360
2303415
2304240
2304381
2304402
2304495
2304745
2304814
2304870
2305033
2305078
2305241
2305270
2305663
2306096
2306174
2306284
2306565
2306585
2306783
2306891
2307213
2307219
2307266
2307270
2307326
2307437
2307519
2307628
2307712
2307938
2307961
