859251
859376
859449
859548
859570
859572
859607
859656
859875
859943
860448
860539
860720
860724
860755
860779
860798
860832
860880
860952
860972
861032
861035
861171
861267
861315
861392
861700
862130
862460
862503
862534
862589
862607
862626
862763
862987
863087
863140
863149
863276
863317
863366
863445
863455
863462
863464
863497
863560
863621
863659
863669
863742
863805
863919
864041
864183
864382
864444
864571
864573
864649
864675
864802
864921
864972
865109
865118
865162
865230
865333
865388
865511
865626
865637
865757
865866
865877
865882
865922
865970
865995
866070
866200
866354
866456
866684
866743
866784
866828
867093
867352
867366
867505
867581
867650
867915
868037
868049
868080
