36668990
36669446
36673585
36674525
36678029
36678108
36679503
36679785
36684073
36687718
36688325
36689911
36691511
36696720
36697850
36700400
36700475
36700720
36704104
36705470
36705918
36707984
36708289
36708867
36709214
36710135
36710769
36712316
36713481
36713618
36714304
36715839
36716661
36716914
36718317
36721079
36723664
36724722
36724929
36726910
36729618
36733295
36733650
36733946
36735055
36735663
36736725
36737136
36738426
36739429
36740792
36741340
36741782
36742543
36742927
36743703
36746625
36748379
36752699
36757394
36764036
36765884
36769559
36769939
36770098
36770600
36771203
36772588
36774182
36775690
36775914
36777340
36777542
36779251
36779309
36782950
36784274
36787513
36791616
36793804
36797388
36799708
36802772
36808021
36810853
36810972
36811828
36811942
36812966
36813611
36814729
36817775
36820069
36824440
36825173
36826228
36827689
36832165
36832379
36834250
