1719580
1719636
1719680
1719693
1719730
1719804
1719864
1720091
1720142
1720363
1720399
1720465
1720478
1720525
1720582
1720662
1720668
1720670
1720891
1721006
1721038
1721059
1721068
1721246
1721404
1721555
1721612
1721630
1721744
1721768
1721878
1721997
1722216
1722245
1722423
1722428
1722586
1722671
1722675
1722777
1722840
1722878
1722946
1723129
1723308
1723871
1724140
1724626
1724808
1724877
1724904
1724956
1725067
1725121
1725193
1725387
1725585
1725962
1726119
1726159
1726321
1726341
1726393
1726634
1726935
1727209
1727381
1727472
1727615
1727758
1727827
1727991
1728071
1728203
1728294
1728306
1728326
1728442
1728674
1728780
1729086
1729131
1729176
1729211
1729539
1729594
1729689
1729796
1730033
1730099
1730112
1730358
1730626
1730636
1730820
1730861
1730975
1731095
1731272
1731375
