1066070
1066149
1066228
1066401
1066446
1066531
1066571
1066578
1066673
1066763
1066768
1066863
1066880
1067013
1067101
1067344
1067414
1067547
1067647
1067701
1067954
1068023
1068033
1068073
1068099
1068205
1068275
1068393
1068400
1068891
1068959
1068986
1069135
1069245
1069286
1069403
1069629
1069643
1069821
1069863
1070191
1070328
1070385
1070422
1070464
1070504
1070542
1070565
1070573
1070622
1070707
1070759
1070796
1070886
1070904
1070932
1070959
1071024
1071053
1071295
1071372
1071393
1071425
1071460
1071644
1071650
1071692
1071801
1071816
1071942
1072117
1072155
1072158
1072166
1072175
1072225
1072272
1072279
1072305
1072401
1072472
1072481
1072658
1072730
1072782
1073019
1073260
1073306
1073337
1073383
1073419
1073454
1073521
1073580
1073602
1073735
1073847
1073850
