1293422
1293440
1294048
1294092
1294098
1294113
1294384
1294392
1294487
1294496
1294899
1294974
1295197
1295281
1295401
1295716
1295723
1295840
1296002
1296006
1296018
1296076
1296171
1296180
1296270
1296368
1296375
1296381
1296470
1296536
1296538
1296617
1296744
1296775
1296848
1296878
1296890
1297027
1297070
1297153
1297268
1297372
1297693
1297702
1297788
1297891
1297932
1298147
1298180
1298391
1298471
1298531
1298673
1298736
1298740
1298844
1298855
1298918
1298937
1299070
1299079
1299122
1299130
1299233
1299246
1299290
1299398
1299463
1299716
1299766
1299961
1299971
1299974
1300098
1300102
1300115
1300122
1300126
1300135
1300216
1300439
1300572
1300581
1300626
1300668
1300737
1300842
1301089
1301263
1301329
1301391
1301431
1301459
1301782
1302001
1302082
1302219
1302257
1302307
1302308
