8340600
8341553
8341643
8341891
8343010
8343653
8345137
8345275
8345297
8345552
8345770
8346105
8346385
8346822
8347159
8347320
8347917
8348450
8348843
8348856
8348956
8348989
8350069
8350589
8350857
8350885
8350909
8351176
8351223
8351298
8351489
8351531
8351541
8351956
8352119
8352761
8352783
8352811
8353365
8353488
8353854
8354041
8354310
8355257
8355460
8355559
8355611
8355806
8356038
8356088
8356769
8356879
8357090
8357840
8358060
8358477
8358905
8360448
8360471
8360595
8361021
8361583
8362745
8362825
8363023
8363068
8363215
8363468
8363809
8363841
8364190
8364288
8364456
8364489
8365249
8365505
8365580
8366008
8366193
8367069
8368254
8368475
8368573
8368650
8368712
8368980
8369063
8369232
8369387
8369480
8369569
8369618
8370061
8370172
8370347
8370553
8370637
8371005
8371482
8371696
