27184009
27185206
27185266
27185458
27188376
27188385
27188576
27189127
27190484
27191030
27192307
27194678
27195089
27195897
27195910
27196003
27202196
27206476
27206518
27207436
27207809
27208028
27209098
27209106
27209639
27209653
27209987
27210643
27212216
27212412
27212978
27213047
27213176
27213617
27213997
27214026
27215034
27216215
27216340
27217427
27217431
27219289
27220021
27220747
27221172
27222031
27222303
27224588
27226720
27227180
27227494
27228555
27229158
27229785
27230021
27230251
27230420
27231610
27233144
27233309
27233507
27234387
27234829
27235401
27237054
27237215
27238581
27238707
27240130
27243589
27243948
27245669
27247098
27247959
27248397
27248483
27249082
27249707
27251890
27251935
27252074
27252271
27253253
27254865
27256520
27257523
27258275
27259009
27259018
27260213
27260935
27261219
27261312
27261352
27262032
27263032
27264894
27265207
27265537
27266968
