1954895
1954952
1954989
1954993
1955032
1955247
1955335
1955343
1955701
1956028
1956132
1956138
1956413
1956476
1956959
1957120
1957523
1957541
1957555
1957771
1957874
1958147
1958320
1958346
1958528
1958779
1958848
1958995
1959128
1959185
1959367
1959530
1959710
1959837
1959916
1959932
1960407
1960434
1960510
1960565
1960646
1960863
1960904
1960933
1961008
1961109
1961209
1961369
1961478
1961547
1961679
1961913
1961949
1962271
1962432
1962691
1962718
1962978
1962987
1963075
1963087
1963098
1963106
1963115
1963217
1963230
1963236
1963345
1963366
1963413
1963418
1963458
1963598
1963655
1963825
1963838
1963998
1964146
1964377
1964386
1964528
1964558
1964635
1964701
1964943
1965106
1965540
1965586
1965614
1965665
1965687
1965712
1965828
1965938
1965983
1966070
1966189
1966221
1966393
1966426
