27442580
27442612
27442704
27442775
27443934
27446993
27448214
27448365
27449257
27449321
27449364
27450315
27451172
27451552
27452399
27452781
27453796
27453816
27454582
27455008
27455079
27455438
27456166
27456230
27457858
27458864
27459278
27459969
27460701
27468363
27472482
27472775
27475130
27476208
27478343
27481175
27482873
27483107
27484220
27485177
27485311
27485462
27486097
27487430
27488003
27488880
27492691
27492842
27493917
27495144
27495551
27496402
27499504
27499820
27500155
27501106
27501755
27502617
27506040
27506354
27506610
27509223
27509806
27512821
27513113
27513525
27516920
27517130
27517296
27517872
27521155
27527780
27528763
27529184
27529875
27530230
27531031
27531240
27531289
27532444
27535215
27536164
27536204
27536555
27537943
27541024
27541890
27542076
27542881
27543790
27545072
27545443
27545590
27546286
27548721
27549039
27549251
27549936
27551198
27552065
