35383147
35385689
35387316
35390648
35394499
35395151
35398460
35402596
35404752
35405153
35406549
35407150
35408185
35408783
35410464
35411340
35412587
35413962
35413999
35414798
35415580
35417506
35418015
35418805
35419337
35425696
35428185
35429495
35431826
35436053
35436911
35437229
35438080
35441131
35441372
35442014
35445466
35445534
35448678
35449972
35454039
35456279
35457598
35461817
35462182
35462301
35462776
35464496
35465952
35466480
35468274
35468439
35470827
35471865
35472660
35473206
35474321
35474806
35478317
35480837
35481868
35484158
35484465
35486288
35487857
35489101
35489102
35489159
35489833
35492563
35492624
35494853
35495706
35496311
35500393
35504034
35504224
35506947
35507470
35509360
35509885
35510172
35512326
35514129
35514752
35515967
35520242
35520256
35523696
35524354
35528275
35531715
35533001
35537903
35543083
35543106
35546385
35549225
35551317
35555681
