36544990
36545920
36546819
36547841
36551223
36552473
36552496
36552623
36552711
36552734
36552807
36552975
36553797
36554606
36558137
36558262
36561034
36562294
36562676
36562895
36563235
36564853
36565735
36565839
36566051
36566120
36566184
36568738
36570852
36574414
36575179
36575464
36576354
36576604
36576912
36576949
36577542
36577633
36577974
36578892
36578936
36579222
36580664
36581043
36582147
36583616
36583986
36584815
36585096
36592189
36592654
36594790
36595590
36597792
36598715
36598936
36599053
36599222
36599363
36604070
36605344
36605651
36606728
36608582
36608806
36610916
36611014
36612578
36616290
36617187
36621993
36622581
36623578
36628348
36630986
36631572
36632298
36633288
36634974
36635736
36636251
36636738
36637051
36637435
36639325
36642120
36643740
36645620
36648067
36650293
36650399
36653018
36654278
36655683
36655877
36659610
36662255
36662791
36663013
36665059
