9976014
9977195
9977257
9977549
9977796
9977995
9978083
9978173
9978296
9979503
9979792
9980202
9980434
9980471
9980640
9980963
9981700
9982200
9982430
9983051
9983829
9983863
9984345
9984805
9985142
9985430
9985951
9986587
9987215
9987346
9987432
9987511
9988040
9988167
9988409
9988837
9989305
9990183
9990319
9990712
9990878
9990952
9991266
9991729
9991953
9992120
9992128
9992290
9992303
9992534
9992603
9992903
9992910
9993180
9993351
9993670
9993765
9993779
9994019
9994048
9994969
9995190
9995281
9995354
9995758
9995873
9996183
9996223
9996816
9997233
9997461
9997715
9997820
9998336
9998714
9998826
9999557
9999724
9999924
10000994
10001085
10001692
10002540
10002821
10003094
10003243
10003667
10003877
10003884
10004120
10004913
10004954
10005519
10006560
10006939
10007468
10007680
10008584
10009593
10009668
