4284755
4284780
4284783
4285138
4285283
4285380
4285388
4285524
4285628
4285719
4285835
4285923
4286224
4286301
4286332
4286491
4286728
4286848
4286893
4287060
4287322
4287476
4287555
4287688
4287830
4287832
4287950
4288007
4288318
4288329
4288535
4288933
4289185
4289213
4289722
4289811
4289952
4290039
4290134
4290583
4290698
4290717
4290731
4290735
4290773
4290866
4291065
4291118
4291200
4291299
4291312
4291422
4291437
4291596
4291638
4291733
4291800
4291841
4291941
4291971
4292068
4292168
4292814
4293188
4293312
4293352
4293355
4293361
4293526
4293547
4293937
4293959
4294002
4294029
4294082
4294543
4294677
4294757
4294796
4294817
4294999
4295185
4295286
4295446
4295492
4295737
4295844
4296268
4296305
4296335
4296386
4296702
4296730
4296745
4297192
4297382
4297390
4297949
4298269
4298449
