1122320
1122432
1122492
1122754
1122852
1122945
1122952
1123012
1123145
1123241
1123373
1123734
1123891
1124284
1124585
1124606
1124725
1124920
1124975
1125066
1125077
1125091
1125177
1125205
1125607
1125613
1125898
1126034
1126053
1126261
1126685
1126708
1126834
1127060
1127061
1127095
1127253
1127263
1127363
1127412
1127449
1127451
1127488
1127561
1127634
1127727
1127826
1127870
1127874
1127935
1127960
1127966
1128171
1128306
1128348
1128382
1128548
1128812
1128979
1129146
1129173
1129240
1129563
1129618
1129796
1129802
1129831
1129841
1130376
1130435
1130451
1130682
1130720
1130760
1130849
1130857
1130866
1130915
1130925
1131149
1131400
1131596
1131861
1131995
1132084
1132341
1132342
1132343
1132408
1132539
1132700
1132830
1132920
1133012
1133354
1133420
1133454
1133468
1133543
1133687
