7684425
7684604
7684701
7684894
7685513
7685586
7685747
7686276
7686562
7686634
7686810
7686958
7687134
7687267
7687452
7687513
7687660
7687667
7687686
7687767
7688106
7688116
7688159
7688387
7689088
7689332
7689401
7689665
7690110
7690652
7690881
7692430
7692434
7692575
7692603
7694590
7694604
7695065
7695647
7695664
7695776
7695885
7695951
7696355
7696498
7696614
7696723
7696991
7697219
7697563
7697588
7697682
7697690
7697879
7698009
7698099
7698286
7698480
7698569
7698637
7698795
7699102
7699521
7699599
7699708
7699900
7700209
7700525
7700549
7700566
7700945
7701007
7701268
7701973
7702554
7703059
7703424
7703477
7703629
7703848
7703899
7704034
7704274
7704354
7704464
7704834
7705175
7706128
7706157
7706298
7706315
7706558
7706667
7706894
7707123
7707278
7707503
7707793
7707902
7708204
