39857593
39862293
39862913
39864940
39866945
39867412
39869505
39869642
39871101
39871168
39872842
39875062
39878021
39880337
39881260
39881952
39885736
39885752
39887825
39895143
39897557
39898992
39899672
39900115
39901955
39902475
39905093
39905836
39909579
39910092
39910537
39911782
39922383
39924452
39925243
39925280
39926927
39928974
39931330
39933688
39934223
39934816
39940523
39940880
39943007
39948445
39948958
39951833
39956458
39959331
39967214
39968089
39969248
39971376
39972057
39976781
39978131
39978152
39978808
39985889
39986986
39991663
39992543
39994505
39998749
40000104
40000259
40000970
40001809
40004388
40005013
40007292
40007413
40007487
40007560
40007625
40007675
40008671
40008706
40008771
40008835
40009007
40010769
40010901
40014137
40014467
40015780
40016436
40016966
40018408
40020567
40021269
40021691
40024131
40025266
40026271
40037380
40037555
40039774
40040606
