12597968
12598364
12599204
12600797
12601096
12601705
12601715
12602047
12602298
12602330
12602344
12602492
12603234
12603257
12603921
12604369
12604603
12604645
12604965
12605400
12606880
12607920
12608194
12608618
12608791
12609874
12609933
12610087
12610189
12610925
12612436
12613046
12614021
12614339
12614464
12615670
12615729
12616160
12616380
12618019
12618159
12619066
12620059
12620745
12620940
12621781
12622559
12622857
12622902
12622942
12623028
12623120
12623131
12623203
12623483
12624083
12624254
12624472
12625558
12627760
12627894
12628772
12628820
12630189
12631579
12631680
12632559
12632996
12633043
12633345
12634278
12634890
12635503
12635536
12636896
12637709
12637872
12638293
12639588
12639647
12639918
12640396
12640489
12640999
12641435
12642215
12645116
12645333
12645829
12646546
12646936
12647011
12647241
12647544
12647722
12648137
12648344
12649098
12649329
12649604
