25555855
25557922
25558428
25558521
25561068
25561898
25566091
25569693
25571000
25571935
25572199
25573030
25573279
25573660
25574332
25574618
25575612
25577012
25577631
25577853
25577977
25578847
25579491
25580965
25581415
25583209
25585755
25586321
25587390
25588426
25592247
25592440
25595391
25595683
25596374
25596590
25597765
25597937
25597961
25597974
25599246
25600487
25600970
25601295
25601876
25604528
25606995
25608581
25610431
25611060
25611651
25612126
25612610
25612765
25614118
25614441
25614687
25616256
25616473
25616520
25618254
25618438
25619467
25619982
25620125
25620397
25621698
25621916
25622452
25623124
25623786
25625699
25626037
25628648
25629734
25631843
25632913
25633120
25633747
25634126
25635118
25635295
25635795
25635872
25637291
25637395
25638072
25638566
25638698
25638846
25639150
25639286
25640260
25640885
25641453
25641727
25643840
25644034
25645014
25646357
