5903070
5903239
5903309
5903317
5903838
5903843
5903909
5904026
5904066
5904144
5904330
5904492
5904519
5904554
5904653
5904657
5904813
5905054
5905117
5905201
5905346
5905578
5905585
5906051
5906076
5906407
5906603
5906773
5906944
5906962
5907473
5907508
5907575
5907583
5907625
5907754
5907862
5907950
5908069
5908278
5908593
5908900
5909086
5909536
5909871
5909972
5910147
5910482
5910833
5910861
5911001
5911460
5911818
5912045
5912281
5912372
5912540
5912544
5912700
5913039
5913258
5913279
5913376
5913393
5913455
5913653
5913693
5913717
5913940
5914116
5914225
5914310
5914590
5914654
5914870
5914924
5915439
5915922
5916280
5917052
5917391
5917495
5917611
5917894
5917974
5917985
5918039
5918307
5918467
5918534
5918778
5919458
5919958
5920436
5920562
5920756
5920852
5920961
5921041
5921100
