5167865
5167906
5168098
5168184
5168263
5168413
5168422
5168561
5168713
5168871
5169178
5169390
5169641
5169646
5169668
5169748
5169846
5170127
5170298
5170318
5170554
5170997
5171036
5171518
5171628
5171656
5171883
5171938
5172295
5172473
5172549
5172872
5173060
5173140
5173159
5173408
5173736
5173851
5173874
5173881
5173910
5173914
5174029
5174072
5174357
5174818
5175181
5175724
5175803
5176004
5176158
5176202
5176413
5176459
5176502
5176527
5176613
5176708
5176710
5176795
5177035
5177214
5177343
5177887
5177936
5177971
5178143
5178194
5178315
5178520
5178566
5178639
5179229
5179277
5179293
5179463
5179734
5179930
5180074
5180112
5180567
5180744
5180799
5180998
5181070
5181532
5181556
5181581
5181582
5181711
5181845
5181893
5182162
5182208
5182217
5182381
5182634
5182844
5183108
5183217
