5748291
5748331
5748427
5748460
5748518
5748675
5748753
5748986
5749080
5749265
5749330
5749399
5749483
5749988
5750054
5750060
5750219
5750226
5750237
5750305
5750403
5750439
5750510
5750529
5750531
5750647
5751131
5751338
5751350
5751815
5752148
5752414
5752668
5752908
5753410
5753689
5753774
5753814
5754027
5754086
5754089
5754175
5754220
5754237
5754540
5754648
5754823
5754884
5754922
5755086
5755091
5755244
5755359
5755411
5756130
5756164
5756642
5756813
5756822
5756931
5756998
5757575
5757715
5757732
5757892
5758132
5758479
5758768
5758830
5758881
5759612
5759810
5759814
5760071
5760499
5760561
5760647
5760785
5761005
5761122
5761195
5761235
5761253
5761272
5761418
5761421
5761514
5761772
5761986
5762079
5762101
5762228
5762330
5762521
5762733
5763047
5763185
5763515
5763772
5763935
