7313133
7313565
7313660
7313986
7314030
7314225
7314369
7314598
7314791
7314930
7315177
7315199
7315233
7315428
7315708
7315792
7315851
7316434
7316564
7316753
7316823
7316936
7317032
7317687
7317771
7318127
7318373
7318802
7318836
7318943
7319695
7320229
7320880
7320915
7321203
7321342
7321682
7321841
7321921
7321990
7322329
7322460
7322688
7322790
7322812
7322823
7322988
7323076
7323288
7323313
7323531
7323687
7323701
7324148
7324312
7324370
7324582
7324716
7324831
7325898
7326000
7326007
7326010
7326146
7326194
7326259
7326372
7326402
7326414
7326867
7327019
7327031
7327331
7327590
7327689
7327707
7328132
7328203
7328291
7328302
7328355
7328456
7328840
7329074
7329094
7329500
7330196
7330253
7330476
7330557
7331478
7331551
7331955
7332023
7332028
7332251
7332505
7332712
7333021
7333164
