19196522
19196825
19197128
19198049
19198231
19198385
19198843
19199506
19200546
19200617
19200899
19201824
19202671
19202954
19203308
19204044
19204389
19204604
19204688
19205001
19207341
19208819
19209656
19210129
19210195
19210472
19211885
19214928
19217371
19217769
19218079
19220872
19222703
19222788
19223509
19224388
19225342
19225514
19225625
19226178
19226593
19226933
19227640
19228010
19229043
19229214
19229382
19229542
19230781
19231237
19231960
19231988
19234287
19234606
19235174
19235349
19235733
19236134
19237905
19238017
19238184
19238350
19238392
19239190
19239276
19240044
19241822
19241932
19242129
19242261
19242418
19243659
19246154
19246767
19248949
19249644
19250247
19250428
19252447
19253213
19253540
19254946
19254997
19256115
19259188
19261740
19261896
19264121
19264198
19266803
19266824
19266895
19267292
19267717
19268100
19269344
19269847
19270235
19270655
19272298
