3118347
3118426
3118627
3118714
3119256
3119266
3119296
3119518
3119648
3119757
3119765
3120073
3120091
3120162
3120187
3120277
3120281
3120284
3120714
3120756
3120849
3120892
3120915
3120948
3121273
3121412
3121455
3121674
3122072
3122079
3122316
3122358
3122361
3122384
3122388
3122389
3122395
3122396
3122405
3122416
3122437
3122488
3122491
3122605
3122877
3122902
3122914
3122918
3122919
3122924
3122930
3122932
3122938
3122939
3122940
3122948
3122954
3122955
3122959
3122965
3122979
3123013
3123035
3123070
3123085
3123473
3123581
3123678
3123863
3123877
3123979
3124001
3124054
3124057
3124068
3124181
3124247
3124251
3124356
3124485
3124503
3124534
3124579
3124610
3124670
3125017
3125037
3125186
3125231
3125259
3125493
3125496
3125668
3125768
3125953
3125981
3125982
3126411
3126469
3126470
