19272504
19273858
19275373
19275389
19275916
19275997
19276207
19277388
19280788
19281018
19282463
19282565
19282607
19285260
19286872
19287165
19287840
19288130
19288734
19289083
19289129
19289297
19289583
19289630
19291033
19291395
19292071
19292373
19293394
19294771
19295696
19296029
19299860
19302846
19302967
19302987
19303176
19303749
19304039
19304078
19304485
19305063
19305775
19305857
19306828
19307511
19308897
19309449
19310541
19310815
19311725
19311800
19311904
19312049
19312736
19312905
19314274
19314692
19314755
19314867
19315248
19318418
19319106
19319325
19320926
19321049
19321717
19321940
19322431
19322756
19323178
19323337
19323469
19323589
19323922
19325265
19325718
19327266
19328408
19329444
19330341
19330703
19331123
19331612
19331648
19333007
19334518
19334575
19334989
19338152
19338520
19339656
19340210
19340842
19341258
19341745
19342787
19344026
19344419
19344736
