28405342
28406567
28407175
28407966
28408993
28410143
28410425
28411913
28413709
28415048
28416044
28419759
28422164
28422293
28424057
28425007
28425388
28425746
28428410
28430756
28432470
28432965
28436002
28437036
28438387
28439079
28440078
28440290
28440596
28443529
28444458
28445166
28446042
28446668
28448163
28449977
28451620
28452045
28452064
28453391
28453870
28454066
28454103
28455548
28456524
28457498
28457577
28457581
28460263
28461048
28461201
28466233
28466387
28467449
28467843
28468035
28468653
28469802
28470999
28472317
28473085
28473261
28473285
28474398
28476378
28478814
28479229
28480443
28480939
28481289
28481711
28485080
28485664
28485748
28488790
28491643
28497723
28498636
28498825
28498912
28499012
28499606
28501861
28502187
28502285
28502911
28503760
28504708
28504791
28506838
28511155
28511977
28513551
28513582
28513874
28514059
28516707
28523454
28523627
28526574
