21588959
21589421
21589890
21589928
21590658
21591619
21593031
21593112
21594064
21600981
21601587
21601644
21602505
21602730
21603396
21604845
21605398
21606086
21606142
21608361
21608377
21608723
21609316
21610320
21610700
21612580
21613122
21613132
21613666
21614375
21615558
21616138
21616611
21616830
21617504
21617688
21618391
21618512
21618564
21618755
21618943
21619635
21620111
21621733
21622260
21622415
21622787
21623819
21624924
21625079
21625262
21625541
21625640
21627461
21630402
21630404
21631241
21632202
21632895
21633696
21634432
21635317
21636334
21637630
21637636
21642680
21642935
21645217
21645551
21645705
21645833
21646618
21646660
21647023
21647085
21647552
21647915
21648151
21648183
21648801
21649019
21649029
21649602
21649996
21650025
21650635
21651077
21651233
21651414
21651564
21651664
21651757
21652414
21652506
21655067
21656487
21657285
21657861
21658469
21659457
