4780833
4780949
4781093
4781148
4781155
4781383
4781397
4781426
4781502
4781616
4781623
4781648
4781698
4781905
4781906
4782732
4782761
4782771
4782777
4783031
4783060
4783166
4783237
4783793
4783800
4783841
4783931
4783936
4783995
4784198
4784397
4784628
4784687
4784750
4784844
4785140
4785145
4785316
4785327
4785342
4785662
4785958
4786260
4786303
4786376
4786421
4786464
4786511
4786620
4786701
4786840
4786869
4786935
4787031
4787231
4787334
4787565
4787608
4787677
4787680
4787729
4787823
4787849
4788169
4788254
4788421
4788588
4788607
4788628
4788632
4788693
4788705
4788775
4788823
4788996
4789029
4789083
4789279
4790116
4790251
4790426
4790512
4790643
4790665
4790732
4790749
4790878
4790908
4791006
4791480
4791498
4791679
4791688
4791716
4791790
4791836
4791923
4791963
4792040
4792219
