4792226
4792301
4792305
4792368
4792415
4792433
4792567
4792607
4792691
4792701
4792704
4792976
4793135
4793309
4793452
4793809
4794083
4794305
4794993
4795135
4795155
4795193
4795383
4795576
4795605
4795618
4796225
4796240
4796514
4796612
4796614
4796634
4796754
4796819
4797030
4797746
4797827
4797988
4798036
4798093
4798230
4798345
4798392
4798421
4798511
4798686
4798822
4798900
4798941
4798976
4799046
4799047
4799061
4799375
4799377
4799394
4799541
4799562
4799825
4800103
4800125
4800293
4800467
4800518
4800818
4800861
4801355
4801612
4801656
4802213
4802449
4802532
4802734
4802920
4803286
4803310
4803363
4803393
4803529
4803689
4803926
4803978
4804002
4804024
4804285
4804333
4804362
4804393
4804555
4804666
4804714
4804724
4804792
4804801
4804891
4805142
4805302
4805431
4805446
4805460
