3608763
3608910
3609129
3609244
3609400
3609560
3609655
3609951
3610479
3610738
3610813
3610909
3611156
3611200
3611639
3612009
3612015
3612140
3612347
3612477
3612561
3612754
3612793
3612802
3612998
3612999
3613091
3613350
3613432
3613821
3613999
3614272
3614635
3614674
3614803
3614848
3614852
3615082
3615402
3615639
3615868
3615873
3615933
3615945
3616038
3616693
3616816
3616973
3617220
3617280
3617380
3618304
3618383
3618423
3618657
3618773
3618816
3618961
3619095
3619933
3619936
3620192
3620323
3620359
3620397
3620424
3620563
3620679
3620762
3620883
3620963
3621058
3621282
3621338
3621465
3622207
3623129
3623191
3623577
3623610
3623644
3623685
3623799
3623809
3624362
3624711
3624746
3625257
3625609
3625708
3625805
3627028
3627925
3628426
3628476
3628525
3628557
3628638
3628768
