21358710
21359724
21359731
21362214
21362964
21364745
21365089
21365565
21365646
21365665
21365691
21366074
21368015
21368370
21368374
21368511
21369691
21370167
21371315
21371940
21373155
21373302
21373537
21373668
21373864
21374695
21375286
21375340
21375976
21375977
21376579
21376756
21377149
21377570
21380033
21380545
21380810
21381542
21382271
21383196
21383289
21384160
21384414
21384760
21385028
21385076
21387037
21387161
21388542
21390352
21390621
21390795
21391650
21392642
21392778
21393215
21394431
21394722
21395103
21395392
21397646
21397810
21398190
21398243
21399425
21399772
21400574
21401161
21402008
21402081
21402568
21403372
21403679
21404012
21404765
21405337
21405650
21405823
21405830
21407292
21407400
21408329
21408772
21409049
21410019
21411342
21412044
21414348
21415356
21415821
21416290
21416490
21416893
21419703
21422709
21423037
21424025
21425451
21425815
21425838
