8502869
8504206
8504598
8505318
8505320
8506716
8507332
8507596
8507620
8507677
8508262
8509639
8509742
8510806
8510949
8511048
8511308
8511331
8511800
8512492
8512792
8512868
8512981
8513051
8513454
8513595
8514726
8516491
8516570
8517147
8517594
8517601
8517682
8517820
8518401
8518433
8518464
8520068
8520796
8521508
8521720
8522485
8522540
8523011
8523399
8523953
8524045
8524416
8524493
8524618
8525346
8525900
8526192
8526478
8526961
8527118
8527299
8527846
8528243
8528972
8529178
8529250
8529427
8529663
8530142
8530592
8531082
8531963
8532713
8533230
8533245
8533288
8533370
8533425
8533474
8533688
8534333
8535309
8535885
8536067
8537258
8537511
8537517
8538535
8538762
8538836
8538901
8538917
8538929
8539651
8540225
8540970
8541117
8541292
8541518
8541681
8541820
8542243
8542845
8542915
