2099013
2099107
2099180
2099260
2099446
2099693
2099786
2099820
2099856
2099887
2099945
2100040
2100132
2100448
2100597
2100771
2100882
2100965
2101005
2101388
2101633
2101668
2101985
2102042
2102073
2102179
2102323
2102374
2102514
2102760
2102763
2103006
2103117
2103162
2103351
2103483
2103505
2103545
2103770
2103900
2104286
2104327
2104542
2104845
2104877
2105000
2105007
2105313
2105359
2105376
2105546
2105703
2105759
2105781
2105842
2105922
2106033
2106081
2106151
2106364
2106483
2106511
2106679
2106717
2107377
2107432
2107461
2107530
2107654
2107823
2107956
2108007
2108116
2108177
2108669
2109023
2109154
2109885
2109886
2109900
2109931
2109962
2110159
2110350
2110550
2110769
2110774
2110791
2110948
2111074
2111183
2111188
2111267
2111570
2111875
2111982
2111988
2112005
2112109
2112187
