37846271
37846608
37847512
37848233
37852169
37854219
37855020
37855529
37857780
37858164
37858403
37858637
37861643
37868613
37872255
37875198
37875929
37876647
37878012
37879507
37880572
37881205
37884097
37888069
37889341
37889857
37890974
37895737
37896998
37901220
37901740
37904388
37910359
37910680
37911279
37915385
37917717
37918760
37921786
37922375
37922876
37923696
37924988
37925932
37926737
37929277
37931223
37933777
37937371
37937730
37939752
37939854
37940911
37943134
37943339
37945779
37946534
37947887
37948410
37948928
37949202
37950787
37950789
37953740
37957655
37957810
37960593
37964882
37964954
37967337
37969747
37970834
37971661
37974043
37977552
37979334
37980593
37983608
37987083
37989194
37990919
37992503
37993766
37993973
37998101
37999202
38001021
38001043
38003192
38003540
38005765
38006000
38007024
38007614
38008275
38008842
38011294
38011963
38014785
38014903
