3806791
3806803
3806834
3806865
3807462
3807597
3807871
3808227
3808332
3808380
3808851
3809105
3809403
3809567
3809578
3809696
3809774
3810401
3810601
3811669
3811782
3812025
3812086
3812212
3812280
3812343
3812349
3812593
3813040
3813245
3813362
3813571
3813701
3814002
3814148
3814351
3814393
3814483
3814702
3814938
3815052
3815258
3815352
3815403
3815405
3815561
3815567
3816669
3816725
3816780
3816839
3817204
3817576
3817625
3817768
3817875
3817922
3818519
3818710
3818716
3819184
3819194
3819208
3819631
3819642
3819858
3819861
3820027
3820199
3821349
3821554
3821564
3821588
3821601
3821933
3822486
3822566
3822693
3823030
3823094
3823236
3823259
3823409
3823416
3823429
3823870
3823894
3824164
3824211
3824610
3824643
3824699
3824750
3824869
3825130
3825427
3826049
3826144
3826266
3826515
