1302335
1302351
1302488
1302526
1302672
1302696
1302776
1302830
1302840
1302854
1302880
1302935
1303019
1303059
1303153
1303169
1303340
1303469
1303552
1303683
1303860
1303871
1303881
1303893
1303989
1304227
1304355
1304444
1304841
1304867
1304906
1304964
1305305
1305547
1305658
1305727
1305797
1305992
1306286
1306313
1306499
1306516
1306597
1306727
1306789
1307003
1307087
1307091
1307247
1307592
1307771
1307950
1308007
1308129
1308231
1308587
1308740
1308750
1309067
1309130
1309279
1309283
1309457
1309520
1309609
1309722
1309728
1309782
1309931
1310024
1310119
1310192
1310328
1310334
1310405
1310444
1310469
1310491
1310564
1310595
1310688
1310771
1310805
1310849
1310896
1310914
1311022
1311095
1311131
1311231
1311258
1311426
1311875
1312040
1312073
1312094
1312192
1312195
1312203
1312219
