37163273
37163795
37164119
37165453
37166784
37167148
37168894
37169835
37176357
37181301
37181386
37183214
37184264
37186656
37188137
37189146
37190016
37190498
37191516
37192473
37193353
37193948
37194066
37194439
37196618
37196918
37198062
37199667
37200135
37200959
37201361
37201599
37216775
37219393
37222097
37223896
37224306
37226773
37227137
37231532
37233733
37234945
37238230
37238580
37242351
37244604
37244676
37245931
37248870
37252993
37256475
37256936
37257580
37258279
37258309
37259732
37260784
37260786
37261890
37262386
37263750
37267545
37270784
37271959
37271968
37273005
37278459
37280669
37284836
37285420
37287957
37288580
37288770
37292977
37294713
37295167
37297093
37297623
37305201
37308666
37309271
37310924
37311241
37313804
37313909
37314048
37317650
37317911
37320146
37321338
37322694
37323236
37323397
37327466
37327889
37328453
37328489
37328761
37330181
37332606
