2454410
2454444
2454469
2454487
2454496
2454657
2454697
2455097
2455206
2455234
2455379
2455429
2455534
2455641
2455817
2456129
2456145
2456501
2456680
2456693
2457010
2457295
2457350
2457424
2457455
2457611
2457613
2457910
2458208
2458229
2458432
2458461
2458751
2458817
2458827
2459179
2459258
2459269
2459469
2459470
2459716
2459736
2459868
2459913
2459939
2460095
2460149
2460553
2460738
2460861
2460936
2460991
2461195
2461586
2461875
2462054
2462056
2462205
2462239
2462655
2462728
2462844
2463163
2463344
2463420
2463705
2463758
2464161
2464181
2464281
2464304
2464469
2464479
2464488
2464667
2464669
2464771
2464977
2464996
2465005
2465116
2465244
2465264
2465372
2465380
2465602
2465642
2465746
2465991
2466015
2466018
2466041
2466767
2467026
2467118
2467154
2467475
2467536
2467561
2467965
