1496307
1496312
1496360
1496403
1496427
1496484
1496708
1496861
1496919
1496977
1497017
1497044
1497145
1497172
1497183
1497262
1497362
1497563
1497625
1497751
1497882
1497932
1498325
1498701
1498928
1499019
1499053
1499088
1499099
1499165
1499174
1499250
1499261
1499273
1499415
1499699
1499743
1499887
1499893
1499897
1499940
1500089
1500127
1500134
1500153
1500185
1500197
1500309
1500447
1500535
1500663
1500680
1500715
1500718
1500785
1500805
1500815
1500825
1500846
1500897
1500979
1501042
1501055
1501153
1501175
1501277
1501391
1501429
1501578
1501596
1501617
1501808
1501825
1501861
1501901
1501971
1502084
1502127
1502240
1502273
1502361
1502494
1502519
1502557
1502658
1502680
1502685
1502754
1502813
1502829
1502960
1503212
1503243
1503257
1503297
1503332
1503445
1503839
1503912
