2112528
2112750
2112867
2112870
2112943
2113068
2113267
2113471
2113651
2113704
2113769
2113871
2114000
2114058
2114078
2114232
2114240
2114280
2114386
2114717
2114766
2114981
2114985
2115179
2115331
2115384
2115412
2115527
2115591
2115606
2115748
2115810
2115858
2115969
2116084
2116439
2116554
2116626
2116727
2116753
2116919
2117092
2117159
2117280
2117369
2117461
2117535
2117684
2118491
2118533
2118642
2118691
2118708
2118716
2119004
2119071
2119075
2120137
2120227
2120373
2120377
2120400
2120440
2120582
2120643
2120707
2120724
2120755
2120804
2120838
2121040
2121339
2121434
2121723
2121825
2122146
2122150
2122365
2122547
2122999
2123054
2123074
2123115
2123165
2123423
2123441
2124121
2124396
2124428
2124534
2124546
2124559
2124752
2124766
2124803
2124900
2124935
2124946
2125014
2125024
