5728684
5728856
5729846
5729915
5730158
5730242
5730287
5730379
5730405
5730596
5730602
5730702
5730766
5732194
5733099
5733219
5733281
5733417
5733651
5734014
5734228
5734242
5734248
5734355
5734375
5734470
5734531
5734575
5734666
5734781
5734785
5735094
5735129
5735527
5736130
5736191
5736385
5736386
5736479
5737193
5737280
5737355
5737473
5737569
5737573
5738018
5738167
5738339
5738528
5738588
5738922
5739162
5739595
5739966
5740078
5741341
5741361
5741473
5741734
5741885
5741921
5742086
5742610
5742840
5742964
5742965
5743007
5743055
5743064
5743145
5743242
5743309
5743520
5743544
5743618
5743666
5743713
5744135
5744301
5744468
5744496
5744507
5744564
5744615
5744830
5744860
5744962
5745093
5745336
5745356
5745507
5745729
5745740
5745868
5746331
5746439
5746881
5746897
5747341
5747761
