13839979
13840091
13840125
13840422
13841568
13841720
13842059
13843735
13843768
13844645
13845313
13845441
13845629
13848144
13851994
13852765
13853207
13853713
13853821
13854149
13854825
13855080
13855309
13855984
13856011
13856088
13856266
13856933
13857040
13858315
13858613
13858755
13858788
13859323
13859872
13860121
13862646
13863293
13863360
13863447
13863947
13865214
13865805
13866921
13867544
13868438
13870454
13871416
13872213
13872737
13873314
13873825
13875128
13875865
13876391
13876730
13877619
13880485
13880655
13881232
13881710
13882917
13883030
13883937
13883959
13883974
13884672
13884971
13885105
13885439
13885861
13886388
13886719
13886909
13887144
13887259
13888547
13889145
13889788
13889790
13890457
13892271
13893415
13895004
13895169
13896058
13897533
13898148
13900495
13900695
13901205
13901316
13901706
13901879
13901883
13901891
13902200
13902213
13903266
13903891
