5153522
5153638
5153777
5153787
5153792
5153880
5154122
5154152
5154212
5154315
5154931
5154953
5155001
5155219
5155558
5155581
5155594
5155744
5155781
5155839
5155842
5156199
5156292
5156478
5157102
5157293
5157314
5157340
5157594
5157656
5157679
5158199
5158511
5158683
5158712
5159115
5159175
5159766
5159920
5159942
5160061
5160329
5160521
5160534
5160879
5161026
5161296
5161328
5161386
5161444
5161658
5161661
5161806
5161894
5161906
5161961
5162056
5162195
5162438
5162509
5162681
5162764
5163036
5163076
5163080
5163199
5163217
5163383
5163558
5163613
5163726
5163730
5163758
5163791
5163837
5163862
5164003
5164237
5164535
5164651
5164843
5165009
5165014
5165085
5165086
5165106
5165169
5166087
5166175
5166242
5166409
5166420
5166515
5166660
5166729
5166905
5167498
5167567
5167606
5167749
