195121
195191
195428
195431
195437
195453
195463
195534
195680
195988
196094
196136
196314
196346
196489
196546
196630
196733
196763
196836
196930
197042
197212
197936
197999
198122
198129
198286
198333
198612
198932
198999
199034
199210
199228
199335
199414
199465
199568
199587
199636
199673
199752
199803
199890
199926
199957
199973
200008
200057
200154
200171
200339
200550
200601
200602
200643
200817
200819
200853
200874
200875
201108
201167
201185
201213
201233
201369
201511
201648
201664
201908
202131
202331
202396
202475
202492
202525
202724
202747
202866
202886
202978
203022
203085
203103
203125
203382
203460
203464
203684
203716
203807
203862
204102
204191
204247
204534
204597
204685
