8094404
8094743
8095094
8095509
8095640
8096119
8097654
8097728
8097993
8098110
8098245
8098307
8098445
8099309
8099478
8099633
8099745
8099812
8101141
8101280
8101665
8101932
8102492
8102787
8103085
8103203
8103310
8103350
8103415
8103471
8103690
8104564
8104813
8105982
8106604
8106992
8107150
8107323
8107358
8107553
8107588
8107877
8108125
8108198
8108785
8109050
8109104
8109204
8109209
8109272
8109355
8109431
8109469
8109495
8110816
8111317
8111367
8111420
8111425
8111760
8111801
8112113
8112198
8112403
8112448
8112718
8112839
8113459
8113648
8114359
8114361
8114427
8114486
8114711
8115029
8115540
8115638
8115716
8115813
8116395
8116638
8117064
8117343
8117572
8117682
8117862
8117980
8118026
8118129
8118424
8118684
8118693
8118983
8119115
8119192
8119280
8119534
8119762
8119895
8120358
