19705043
19705324
19705613
19707011
19707177
19707654
19708045
19708106
19708146
19709163
19709627
19713132
19713406
19713903
19714181
19714615
19714664
19714880
19716270
19717343
19717429
19719059
19719157
19719533
19719715
19720463
19720940
19722100
19722252
19724060
19724569
19725471
19725873
19728738
19730413
19732825
19733076
19733248
19733580
19735000
19736788
19736965
19737238
19737469
19737498
19738409
19739948
19740134
19740366
19740908
19741007
19741419
19742483
19742531
19742615
19742941
19743829
19743988
19744687
19745390
19746220
19746769
19747126
19747578
19748233
19748331
19749800
19750333
19750511
19751273
19751694
19752516
19753506
19756237
19756332
19757594
19757961
19759306
19759341
19760626
19763737
19764997
19765269
19765324
19765470
19765552
19765846
19765911
19766724
19768275
19769750
19770447
19774246
19774679
19774927
19776715
19777630
19779559
19779904
19780634
