11014468
11014624
11014866
11015772
11016029
11016071
11016745
11016783
11017030
11017078
11017234
11017366
11018711
11018747
11019000
11019213
11019506
11019613
11019722
11020045
11020581
11020597
11020623
11020808
11021174
11021683
11021746
11021859
11021921
11021930
11022997
11023152
11023423
11023689
11024186
11028634
11028940
11029569
11030133
11030279
11030314
11030793
11030810
11031205
11031798
11032491
11032688
11032913
11033021
11033060
11033299
11034216
11034370
11034682
11035181
11035846
11035874
11035928
11036972
11037439
11037602
11038477
11038571
11038754
11039245
11039352
11040481
11040561
11041145
11041201
11041383
11041469
11041580
11042068
11042697
11042715
11042860
11043461
11043540
11043603
11043979
11044034
11044160
11044273
11044389
11044468
11044648
11045197
11045198
11045925
11046577
11047096
11047374
11047524
11047598
11047604
11047671
11047679
11047756
11048059
