10045275
10046065
10046093
10046276
10046651
10046715
10046826
10047015
10047264
10047829
10048015
10048061
10048305
10049441
10049552
10049883
10050092
10050292
10051010
10052230
10053373
10053818
10054052
10054133
10054453
10055667
10056410
10057006
10057030
10057250
10057598
10058195
10058662
10058727
10059414
10059614
10059697
10061051
10061357
10061438
10061647
10062122
10062230
10062751
10062791
10062989
10063195
10063335
10063543
10064088
10064380
10064403
10064746
10064911
10065364
10065733
10065943
10067093
10067343
10067517
10067918
10067920
10067939
10068445
10068599
10068752
10068943
10069019
10069559
10069782
10069869
10070235
10070690
10071873
10071897
10072107
10072481
10072765
10073204
10073795
10074850
10074932
10075844
10076507
10076632
10076682
10076874
10077308
10078393
10080236
10080923
10081785
10082010
10082373
10082814
10082930
10083067
10084052
10084815
10084830
