24367723
24370075
24370421
24371639
24372708
24373536
24373682
24374583
24377307
24377521
24377821
24378977
24382948
24383475
24383725
24384469
24385109
24387251
24389786
24389974
24390462
24390499
24391062
24391613
24391896
24392435
24393069
24398293
24399302
24399465
24399536
24400413
24400790
24401928
24402818
24402882
24404247
24406210
24406565
24408469
24409032
24409688
24409759
24410163
24410255
24411216
24411528
24411896
24414118
24414675
24414678
24414976
24415980
24417745
24418039
24420223
24421536
24422438
24424431
24424983
24425228
24425532
24427104
24427513
24428414
24429526
24429956
24430134
24430220
24430284
24432033
24435022
24437128
24438913
24439545
24439915
24440096
24440671
24442706
24443463
24445711
24446962
24449621
24449735
24450426
24451270
24451434
24453477
24454579
24455348
24455399
24455451
24456065
24456756
24457476
24461199
24462785
24464328
24465000
24465883
