1929852
1929917
1930002
1930167
1930186
1930455
1930477
1930736
1931094
1931154
1931215
1931262
1931311
1931312
1931732
1931906
1931962
1932242
1933122
1933242
1933448
1933456
1933712
1934266
1934543
1934576
1934671
1934779
1934874
1935141
1935164
1935279
1935513
1935734
1935746
1935988
1936027
1936051
1936237
1936247
1936324
1936329
1936559
1936808
1936816
1936840
1936968
1937090
1937126
1937513
1937525
1937588
1937664
1937668
1937796
1937884
1938130
1938147
1938169
1938391
1938464
1938830
1938850
1938926
1938931
1938933
1938977
1938997
1939167
1939350
1939427
1939438
1939463
1939564
1939672
1939716
1939773
1939786
1939828
1940314
1940352
1940444
1940447
1940486
1940646
1940708
1940911
1941083
1941106
1941289
1941794
1941846
1941869
1941882
1941925
1942003
1942033
1942091
1942156
1942291
