2437037
2437272
2437349
2437478
2437802
2437804
2437827
2437858
2438061
2438086
2438313
2438403
2438460
2438711
2438783
2438813
2438823
2439112
2439119
2439156
2439188
2439358
2439410
2439421
2439621
2439695
2440101
2440149
2440244
2440411
2440492
2440567
2441489
2442229
2442290
2442324
2442517
2442582
2442722
2443125
2443129
2443144
2443620
2443911
2444429
2444622
2444809
2444958
2445011
2445065
2445501
2445523
2445555
2445592
2445669
2445880
2445905
2446044
2446417
2446508
2446789
2446844
2446938
2447021
2447066
2447496
2447623
2447786
2447795
2447865
2448084
2448476
2449033
2449154
2449271
2449501
2449519
2449764
2449793
2450271
2450473
2450794
2450811
2450966
2451286
2451459
2451592
2451774
2451887
2451913
2452159
2452488
2452847
2452954
2453231
2453611
2453620
2453939
2453979
2454078
