4507647
4507649
4507879
4508052
4508129
4508160
4508310
4508376
4508396
4508461
4508794
4508805
4509329
4509351
4509560
4509598
4509610
4509864
4510488
4510515
4510795
4510816
4511532
4511689
4511982
4512314
4512396
4512582
4513626
4513632
4513720
4514087
4514203
4514378
4514748
4514890
4514968
4515050
4515123
4515131
4515165
4515365
4515450
4515547
4515675
4515685
4515776
4515804
4515911
4516195
4516237
4516465
4516473
4516585
4516771
4516783
4516797
4516816
4516973
4517122
4517566
4517736
4518285
4518608
4518629
4519035
4519042
4519252
4519265
4519286
4519415
4519462
4519523
4519531
4519574
4519575
4519590
4519591
4519592
4519596
4519598
4519606
4519612
4519614
4519615
4519637
4519646
4519653
4519713
4519852
4519870
4519875
4519879
4519884
4519889
4519894
4519902
4519907
4519922
4520099
