14303995
14304815
14305414
14305426
14305442
14305595
14305722
14305803
14305922
14306097
14306756
14307924
14308191
14308393
14309915
14309930
14311297
14313240
14313627
14313968
14315983
14316639
14317636
14318777
14319378
14319862
14322877
14323081
14323706
14323879
14324471
14324556
14324754
14325486
14325487
14326349
14326638
14326761
14327653
14328131
14328251
14328416
14328461
14328719
14328798
14329042
14329298
14329354
14329456
14329883
14330245
14332672
14333066
14333311
14333483
14334130
14335083
14336189
14337223
14338798
14338981
14340990
14342203
14342995
14343624
14344260
14345308
14345924
14346531
14347666
14347893
14348909
14349027
14349847
14351249
14352495
14352982
14353400
14353444
14354937
14355125
14355718
14356340
14357203
14359228
14359461
14360119
14361892
14362319
14362560
14362828
14363207
14364125
14364901
14369111
14369589
14370746
14370881
14371419
14372007
