19637120
19637372
19637468
19637652
19638566
19638596
19639052
19640164
19640330
19640524
19640744
19641165
19641451
19642330
19642741
19643764
19643843
19644086
19644149
19644842
19645256
19645786
19645826
19645927
19647689
19647734
19648195
19649175
19649406
19649991
19650403
19651177
19651231
19651492
19651603
19651691
19652153
19652520
19652664
19653768
19654027
19654607
19654795
19655018
19655153
19655187
19655691
19656064
19656661
19658424
19658554
19658959
19659338
19660049
19662780
19664442
19665056
19665843
19666218
19666999
19668239
19669313
19670252
19670968
19671096
19672162
19673671
19673914
19675128
19678485
19679740
19680240
19681061
19681632
19682244
19683446
19683815
19683831
19684421
19684838
19685066
19685526
19685655
19686258
19686560
19686604
19688199
19690516
19690902
19691642
19697002
19697680
19697946
19698860
19699850
19701964
19703171
19704476
19704634
19704755
