6068747
6068817
6068953
6068974
6069451
6070224
6071096
6071326
6071584
6071693
6071743
6072138
6072349
6072406
6072568
6073592
6074268
6074290
6074523
6074835
6075115
6075192
6075458
6075540
6075572
6076018
6076261
6076748
6076844
6077103
6077194
6077243
6077250
6077381
6077934
6077958
6078276
6078597
6078768
6079444
6079562
6079621
6079647
6080007
6080420
6080664
6081527
6081602
6081749
6082223
6082561
6083244
6083288
6083362
6083758
6083812
6084716
6085057
6085106
6085305
6085714
6085792
6085901
6085974
6086081
6086309
6086347
6086443
6086715
6086975
6087003
6087090
6087177
6087199
6087223
6087532
6087671
6087728
6087903
6087909
6088155
6088561
6089201
6089372
6089516
6089545
6089658
6089840
6090039
6090232
6090480
6090515
6090885
6090925
6090984
6091326
6091341
6091718
6091729
6091772
