29748924
29750327
29751944
29757134
29758144
29758547
29760191
29765904
29766667
29767827
29768491
29768845
29769283
29771024
29771904
29773349
29773785
29774609
29777139
29778133
29779690
29779942
29782242
29783160
29783759
29783855
29784785
29786468
29787456
29787797
29788053
29789442
29791220
29791923
29792704
29793233
29793849
29795760
29796081
29796213
29797043
29797151
29797280
29797343
29798507
29798989
29801744
29802146
29802731
29803679
29803836
29804156
29804335
29804840
29808428
29808739
29809185
29809690
29811835
29813075
29814055
29815264
29822244
29823155
29827430
29827673
29828272
29828781
29829161
29829610
29830610
29833217
29833843
29834142
29835718
29836790
29836952
29837265
29838762
29839217
29839388
29840780
29842080
29843381
29844189
29849658
29850248
29853338
29858905
29860113
29860539
29860645
29862552
29865018
29865269
29865682
29866736
29868026
29868613
29868803
