1942318
1942608
1942624
1942670
1942693
1942928
1943044
1943121
1943161
1943290
1943292
1943645
1943649
1943669
1943691
1943770
1943847
1943979
1944139
1944399
1944531
1944570
1944736
1944783
1945229
1945325
1945380
1945769
1945794
1946201
1946262
1946617
1947075
1947357
1947442
1947515
1947544
1947556
1947792
1947960
1948279
1948307
1948994
1949110
1949384
1949388
1949571
1949596
1949791
1950109
1950191
1950211
1950408
1950429
1950519
1950523
1950946
1951153
1951173
1951189
1951254
1951344
1951386
1951397
1951462
1951495
1951496
1951509
1951522
1951597
1951637
1951680
1951707
1951966
1952062
1952311
1952314
1952643
1953115
1953229
1953245
1953421
1953539
1953565
1953583
1953720
1953754
1953837
1953895
1954397
1954407
1954424
1954437
1954485
1954533
1954534
1954579
1954731
1954805
