1339193
1339255
1339260
1339317
1339320
1339388
1339491
1339510
1339535
1339679
1339921
1340001
1340035
1340037
1340088
1340114
1340141
1340204
1340373
1340499
1340627
1340750
1340886
1340974
1341070
1341072
1341182
1341237
1341346
1341371
1341378
1341406
1341512
1341635
1341680
1341860
1341979
1342153
1342175
1342256
1342322
1342348
1342477
1342487
1342501
1342559
1342698
1342702
1342853
1342920
1343061
1343293
1343372
1343524
1343564
1343636
1343843
1343855
1343926
1343953
1344088
1344121
1344314
1344336
1344457
1344461
1344605
1344760
1344862
1344887
1344901
1344915
1344968
1345134
1345382
1345411
1345437
1345519
1345717
1345772
1345821
1345822
1345841
1345856
1345871
1345919
1346177
1346368
1346415
1346566
1346570
1346611
1346729
1346794
1346854
1346910
1346913
1346944
1346946
1346953
