182590
182652
182662
182760
183010
183095
183123
183125
183184
183308
183327
183446
183639
183650
183839
183865
184066
184522
184692
184764
184773
184842
185244
185411
185494
185524
185535
185766
185791
185855
185947
186002
186010
186058
186454
186701
187006
187088
187147
187183
187198
187227
187409
187476
187489
187771
188006
188053
188161
188289
188446
188511
188541
188773
188858
188897
189364
189524
189609
189618
189740
189756
189837
189916
190010
190064
190172
190201
190227
190291
190464
190561
190567
190587
190700
190764
190797
190821
191456
191458
191546
191550
191768
192219
192729
192776
192906
193004
193148
193284
193405
193607
194249
194363
194406
194858
194930
195011
195103
195105
