130306
130522
130557
130571
130708
130717
130823
130830
130983
130991
131002
131014
131020
131145
131159
131167
131209
131364
131426
131427
131571
131589
131660
131694
131767
131808
131842
131916
131922
131963
132174
132236
132256
132276
132506
132577
132648
132675
132676
132685
132698
132699
132745
133022
133052
133087
133194
133302
133333
133364
133407
133483
133506
133555
133559
133578
133655
133661
133677
133684
133754
133815
134216
134374
134473
134600
134702
134770
134918
134930
135253
135295
135538
135978
136096
136120
136142
136331
136333
136472
136583
136658
136762
136953
137154
137263
137311
137324
137402
137418
137424
137478
137518
137546
137650
137676
137735
137742
137778
137812
