1100614
1100671
1100689
1100787
1100873
1100890
1100999
1101022
1101198
1101417
1101706
1101736
1101768
1101952
1101960
1102134
1102218
1102524
1102579
1102587
1102682
1102911
1103021
1103039
1103173
1103433
1103507
1103576
1103596
1103969
1104010
1104035
1104071
1104087
1104178
1104256
1104616
1104696
1104749
1104925
1104940
1105008
1105147
1105219
1105690
1105925
1105936
1106097
1106109
1106465
1106527
1106554
1106603
1106640
1106677
1106730
1107022
1107077
1107097
1107154
1107203
1107218
1107219
1107297
1107403
1107427
1107901
1107981
1107986
1108096
1108123
1108198
1108499
1108701
1108711
1108986
1109169
1109262
1109271
1109436
1109514
1109679
1109775
1109830
1109857
1109957
1110267
1110403
1110412
1110456
1110663
1110727
1110924
1110949
1110957
1111145
1111333
1111380
1111697
1111793
