9115663
9115837
9116140
9116160
9116169
9116452
9117499
9117978
9118039
9118278
9118453
9118867
9120245
9121026
9121061
9121142
9121235
9122230
9122459
9122580
9122858
9123077
9123117
9124024
9124320
9124587
9125676
9125763
9125923
9126167
9126397
9126509
9127234
9127281
9127321
9128310
9128820
9129066
9129202
9129372
9129387
9129915
9129936
9130253
9130358
9130444
9130789
9131145
9131337
9131588
9132106
9132281
9132612
9132919
9133042
9133257
9134041
9135598
9136217
9136242
9136932
9137298
9137457
9137717
9138181
9138422
9138823
9140195
9140711
9142515
9142740
9142888
9143106
9143283
9143489
9143523
9143644
9143670
9144112
9144367
9144756
9145178
9145215
9145719
9146086
9146116
9146134
9146136
9146290
9147132
9147232
9147343
9147703
9147706
9147748
9148249
9148369
9148502
9148620
9149741
