5690437
5690475
5690613
5691421
5691440
5691459
5691555
5691660
5691751
5691788
5692413
5692537
5692543
5692559
5692678
5693500
5693550
5693584
5693715
5694439
5694583
5694780
5694979
5696027
5696041
5696054
5696259
5696616
5696683
5696722
5696842
5696913
5696962
5697008
5697530
5697617
5698113
5698130
5698184
5698254
5698289
5699462
5699480
5699660
5699895
5700047
5700135
5700251
5700824
5700982
5701105
5701475
5701506
5701620
5701689
5701711
5701880
5702023
5702258
5702354
5702410
5702461
5702493
5702506
5702537
5702602
5702615
5702670
5702731
5702807
5703130
5703284
5703349
5703400
5703468
5703529
5703921
5703965
5704037
5704322
5704685
5705132
5705298
5705696
5705944
5706359
5706659
5707041
5707265
5707620
5707640
5707666
5707696
5707848
5708106
5708218
5708625
5708653
5708692
5708799
