2165839
2166263
2166272
2166302
2166401
2166583
2166613
2166753
2167153
2167237
2167338
2167342
2167385
2167393
2167403
2167415
2167458
2167480
2167485
2167486
2167968
2168088
2168160
2168345
2168447
2168452
2168631
2168639
2168794
2168938
2169214
2169524
2169634
2169735
2169910
2169927
2169957
2169969
2170314
2170383
2170480
2170821
2170838
2170867
2171001
2171034
2171170
2171209
2171386
2171390
2171393
2171487
2171756
2171846
2172176
2172186
2172196
2172283
2172355
2172803
2173113
2173414
2173436
2173588
2173612
2173663
2173674
2173855
2174125
2174282
2174318
2174573
2174645
2174714
2174825
2174829
2174840
2174956
2175142
2175266
2175345
2175375
2175397
2175644
2175759
2175778
2175893
2175967
2176035
2176078
2176235
2176289
2176380
2177086
2177228
2177389
2177534
2177591
2177726
2177733
