10212582
10212726
10213789
10214175
10214179
10214689
10214701
10214897
10215257
10216447
10216474
10216717
10217049
10217074
10217296
10219569
10219633
10219980
10220600
10221719
10222208
10224293
10224381
10224464
10224656
10224665
10224716
10226297
10227309
10227874
10228502
10229091
10229498
10229629
10229740
10230852
10231048
10231889
10232322
10235426
10235613
10236454
10238235
10240105
10240912
10241093
10241869
10241889
10242360
10242822
10243096
10243275
10243406
10243509
10243683
10243696
10243707
10244353
10244581
10244626
10244904
10244985
10245179
10245201
10245407
10246021
10246113
10246919
10247007
10247310
10247642
10247800
10247823
10247990
10248162
10248348
10248404
10249318
10249606
10249857
10251066
10251893
10253092
10253371
10253645
10253921
10254201
10254233
10254403
10254807
10255593
10255877
10255969
10256017
10256389
10258355
10258806
10259143
10259323
10259998
