3462402
3462405
3462501
3462590
3463265
3463356
3463396
3463417
3463522
3463619
3464294
3464297
3464395
3464412
3464764
3464814
3464889
3465061
3465280
3465321
3465346
3465350
3465393
3465551
3465633
3465796
3466185
3466243
3467133
3468014
3468143
3468711
3468786
3469288
3469636
3469644
3469693
3469980
3470035
3470146
3470170
3470189
3470342
3470400
3470475
3470623
3470652
3470656
3470662
3470675
3470748
3471279
3471365
3471517
3471599
3471781
3472206
3472208
3472421
3473269
3473543
3473568
3473583
3473625
3474625
3474899
3475031
3475108
3475172
3475679
3475809
3476840
3477146
3477479
3477670
3477692
3477758
3477941
3478344
3478479
3478725
3478778
3478807
3478887
3479083
3479086
3479171
3479646
3479681
3479682
3479850
3480076
3480344
3480469
3480586
3480678
3480745
3481446
3481616
3481625
