7909774
7909919
7910308
7910550
7911006
7911226
7911433
7911465
7911656
7911815
7911936
7912151
7912322
7912553
7912760
7912973
7913695
7913959
7914019
7914033
7914109
7914434
7914469
7914848
7915125
7915363
7916494
7916605
7916855
7917032
7917045
7917282
7917492
7917513
7918039
7918193
7918443
7918674
7918699
7918733
7918888
7919081
7919531
7919613
7919802
7920518
7920765
7921056
7921060
7921206
7921238
7921269
7921360
7921519
7921591
7921822
7921978
7922057
7922800
7923132
7923299
7923547
7923608
7923714
7923932
7924049
7924307
7924541
7924574
7924642
7925134
7925845
7925889
7926105
7926160
7926284
7926306
7926364
7927350
7927506
7927923
7928578
7928712
7928921
7929054
7929746
7930088
7930124
7930313
7930431
7930464
7930756
7930949
7931117
7931355
7931580
7931761
7931862
7931884
7932069
