896225
896313
896619
896624
896646
896781
896863
896915
897164
897213
897246
897616
897648
897756
897779
897908
897994
898254
898263
898329
898361
898510
898523
898548
898574
898708
898786
898833
898881
898897
899007
899057
899082
899407
899422
899431
899462
899615
899623
899644
899738
899863
900015
900034
900219
900591
900628
900640
900711
900890
900972
901034
901036
901061
901103
901128
901221
901405
901471
901492
901545
901568
901637
901698
901751
901758
901813
901890
902143
902300
902350
902359
902455
902542
902601
902633
902710
902885
902915
903043
903229
903933
904110
904137
904328
904616
904887
904927
905116
905123
905137
905167
905205
905249
905518
905591
905604
905618
905849
905860
