16993975
16995725
16998561
16999881
17000560
17000868
17001259
17001510
17002362
17003047
17003191
17003223
17003397
17003773
17003774
17004047
17004325
17004438
17004848
17004988
17005812
17006255
17008990
17009531
17009808
17010361
17011816
17011876
17013344
17014142
17014164
17014922
17015281
17015343
17016282
17017130
17017704
17018774
17019837
17020496
17020716
17020764
17020829
17020880
17021233
17021803
17022002
17022198
17022503
17022828
17023081
17023577
17024485
17024598
17024625
17024885
17025785
17028600
17029067
17029290
17030841
17031462
17032448
17032888
17034730
17034954
17035942
17036230
17036983
17037150
17037932
17038332
17038555
17038858
17039860
17040092
17040916
17041492
17041898
17041901
17042166
17042251
17042745
17043784
17044233
17044310
17044319
17045330
17046111
17046256
17046658
17047222
17047571
17047698
17047825
17048283
17050595
17050601
17050676
17051354
