2585369
2585455
2585530
2585578
2585725
2585747
2586159
2586192
2586485
2586715
2587283
2587419
2587509
2587516
2587573
2587635
2587845
2588022
2588122
2588670
2588735
2588932
2588941
2589778
2589805
2590149
2590479
2590834
2591230
2591583
2591608
2591651
2591660
2591840
2591916
2592192
2592291
2592298
2592357
2592511
2592599
2592709
2593372
2593558
2593710
2593725
2593726
2594115
2594233
2594501
2594602
2594660
2594697
2594825
2594952
2595180
2595205
2595364
2595440
2595622
2595624
2595669
2595801
2595924
2596222
2596323
2596649
2596672
2596746
2596782
2596807
2597209
2597306
2597583
2597605
2597843
2597892
2598012
2598146
2598294
2598464
2598576
2598707
2598868
2599081
2599109
2599158
2599352
2599374
2599523
2599552
2599579
2599747
2599798
2599799
2600264
2600572
2600964
2601167
2601192
