8930258
8930642
8930648
8930909
8930984
8931118
8931457
8931919
8931960
8932869
8933844
8934698
8935225
8935833
8935850
8936117
8937235
8937471
8937622
8937686
8937843
8940110
8940488
8940553
8941318
8941870
8943138
8943599
8943652
8945169
8945696
8946161
8946432
8946839
8947079
8947252
8947409
8947797
8947806
8947825
8947947
8947976
8948040
8948075
8948904
8950014
8950109
8951015
8951553
8952157
8952803
8952997
8953248
8953692
8954354
8954481
8955828
8955890
8956039
8956568
8956646
8957201
8957440
8957684
8958174
8959458
8960320
8960482
8961040
8962220
8963168
8963228
8963585
8964346
8964425
8964735
8965295
8965958
8966730
8966822
8966837
8967359
8968201
8968868
8968885
8969811
8971042
8971980
8972216
8972578
8972671
8972795
8973110
8973157
8973313
8973484
8974285
8974471
8974830
8975756
