1453995
1454019
1454076
1454090
1454259
1454379
1454416
1454470
1454538
1454831
1454911
1455112
1455154
1455322
1455582
1455718
1455816
1455950
1455974
1456062
1456070
1456131
1456325
1456347
1456352
1456354
1456539
1456603
1456736
1456753
1456856
1456863
1456920
1456953
1457010
1457130
1457164
1457186
1457314
1457448
1457616
1457777
1457785
1457837
1458003
1458034
1458112
1458158
1458315
1458664
1458863
1458874
1459138
1459145
1459147
1459193
1459245
1459319
1459441
1459457
1459555
1459736
1459764
1459793
1459948
1459977
1459993
1460012
1460035
1460075
1460121
1460125
1460185
1460568
1460718
1460720
1460721
1460739
1460746
1460748
1460828
1460920
1461063
1461123
1461211
1461224
1461358
1461359
1461385
1461413
1461451
1461614
1461831
1462072
1462085
1462207
1462364
1462433
1462440
1462509
