38574381
38575609
38576163
38576341
38577648
38580868
38581682
38584405
38586631
38586862
38587364
38590168
38593049
38594062
38596442
38596811
38596877
38599434
38599958
38601305
38601674
38605437
38605874
38606209
38606711
38607165
38607655
38608649
38609614
38609790
38610785
38612963
38613827
38614047
38615155
38616577
38617079
38618228
38618940
38623224
38623697
38624156
38625701
38626711
38628910
38629934
38631480
38632378
38632925
38633460
38633788
38634232
38636680
38640293
38640915
38645343
38645553
38646533
38646966
38647478
38647526
38647877
38652775
38653330
38653377
38653390
38657075
38657113
38657165
38658314
38660511
38660735
38661366
38664742
38667173
38668446
38668566
38669962
38673696
38673841
38675505
38676976
38679367
38680927
38682232
38682473
38683917
38684869
38685236
38685698
38685821
38690613
38692415
38696747
38696788
38696933
38697055
38697108
38699423
38699564
