7164472
7165338
7165358
7165456
7165561
7166602
7166837
7166938
7166969
7167102
7167294
7167339
7167371
7167481
7167982
7168551
7168633
7169046
7169215
7169692
7170438
7170455
7170608
7170772
7170952
7171468
7172436
7172635
7172694
7173137
7173361
7173803
7174328
7174916
7175972
7176188
7176286
7176575
7177297
7177450
7177647
7177725
7177741
7178086
7178191
7178196
7178359
7178493
7178511
7178703
7178860
7179071
7179483
7179486
7179509
7179795
7179945
7180066
7181019
7181065
7181187
7181406
7182041
7182302
7182738
7183314
7183386
7183396
7183732
7183763
7183884
7184102
7184555
7187476
7187904
7188071
7188599
7188815
7189069
7189184
7189599
7190035
7190119
7190180
7190424
7190453
7190563
7190783
7191244
7191394
7191874
7192208
7192765
7192884
7193120
7193313
7193403
7193815
7194025
7194098
