5801785
5802471
5802660
5802719
5802808
5803084
5803933
5803951
5803980
5804159
5804201
5804231
5804950
5805100
5806172
5806428
5806614
5806659
5806682
5806900
5807038
5807074
5807144
5807161
5807336
5807395
5807584
5807606
5807933
5807970
5807994
5808047
5808054
5808260
5808621
5808672
5809254
5809308
5809378
5809436
5809484
5809567
5809693
5809920
5810010
5810204
5810808
5811378
5811480
5811762
5811813
5811835
5811840
5812097
5812116
5812126
5812233
5812448
5812461
5812519
5812672
5813031
5813352
5813476
5813538
5813549
5813584
5813676
5813700
5813818
5813897
5814632
5815173
5815528
5816131
5816323
5816384
5817005
5817182
5817886
5817940
5818043
5818106
5818214
5818430
5818588
5818960
5819123
5819155
5819235
5819616
5819877
5819887
5820290
5820325
5820443
5820466
5820963
5821152
5821407
