15233903
15234325
15234639
15234838
15235601
15236220
15236554
15236890
15237042
15237617
15237759
15237830
15237929
15238102
15238629
15239146
15239640
15239938
15240486
15241009
15242750
15245272
15245710
15246622
15247314
15248016
15248254
15248589
15249090
15249287
15249380
15249441
15250551
15251570
15253204
15253230
15255608
15255921
15256113
15256116
15256129
15256195
15256721
15256968
15259553
15259566
15260105
15261935
15263578
15263651
15264703
15264936
15264985
15265117
15265517
15265556
15265897
15266268
15266378
15266510
15266600
15267007
15268246
15270321
15270750
15271053
15272670
15273405
15273976
15274085
15274123
15274684
15275513
15275818
15276130
15276227
15276675
15279092
15279546
15279997
15280758
15282418
15285810
15286214
15287317
15287752
15288712
15289076
15289793
15289809
15290918
15291921
15292597
15293234
15293376
15294210
15295211
15295665
15295855
15297725
