1795260
1795293
1795294
1795364
1795513
1795555
1795857
1796022
1796151
1796250
1796497
1796771
1796803
1796857
1796999
1797182
1797261
1797491
1797652
1797710
1797711
1798003
1798043
1798090
1798222
1798336
1798459
1798602
1798631
1798727
1798760
1798788
1798859
1799068
1799115
1800037
1800290
1800344
1800387
1800407
1800440
1800463
1800690
1800705
1800905
1800930
1801461
1801473
1801622
1801876
1802015
1802019
1802207
1802220
1802409
1802440
1802746
1802845
1802851
1802953
1802997
1803031
1803168
1803230
1803721
1803847
1803853
1803856
1803950
1803978
1804004
1804028
1804204
1804677
1804745
1805069
1805075
1805180
1805401
1805558
1805696
1805813
1805873
1805923
1806043
1806091
1806226
1806316
1806450
1806732
1806804
1807395
1807506
1807740
1807747
1807899
1807931
1808027
1808070
1808236
