5424177
5424497
5424533
5425252
5425477
5425557
5425744
5425934
5425963
5426165
5426240
5426294
5426370
5426417
5426563
5426601
5426673
5426685
5426930
5427067
5427168
5427237
5427330
5427535
5427641
5427880
5427956
5428063
5428302
5428329
5428404
5428419
5428456
5428577
5428920
5428996
5429201
5429423
5429808
5429924
5430108
5430139
5430191
5430538
5430841
5431217
5431232
5431427
5431458
5431521
5431692
5431814
5431858
5432471
5432832
5433250
5433513
5433530
5433591
5433716
5433922
5433948
5434216
5434262
5434296
5434342
5434410
5434494
5434564
5434708
5435064
5435118
5435325
5435440
5435654
5435883
5435983
5436142
5436192
5436213
5436299
5436510
5437296
5437480
5437684
5437808
5438029
5438103
5438400
5438626
5438657
5439259
5439314
5439571
5440323
5440569
5440742
5441366
5441813
5442364
