11799394
11799565
11799903
11800247
11800486
11800572
11800762
11801202
11801439
11801629
11801813
11802527
11803034
11803515
11803864
11805530
11805579
11805633
11806466
11808299
11808301
11808804
11808935
11809179
11809297
11809480
11809785
11810203
11810632
11810753
11811070
11811215
11811244
11812000
11812528
11812638
11812753
11813079
11814717
11815646
11815664
11816565
11816607
11817560
11818442
11818539
11819055
11819255
11819667
11819725
11819893
11820932
11821076
11821569
11822127
11822703
11823454
11823592
11823632
11824144
11824742
11824926
11826009
11826677
11826945
11827136
11827199
11828383
11828622
11829403
11829483
11829859
11830260
11830626
11830687
11830751
11831718
11832096
11833239
11833407
11833969
11834239
11834555
11835000
11835352
11835426
11835440
11836001
11836462
11837222
11838020
11838256
11838294
11838650
11838846
11839251
11839515
11839565
11840082
11840149
