11663915
11664140
11664171
11664884
11665093
11665129
11666976
11667172
11667198
11667308
11667640
11668088
11668259
11668423
11668644
11669046
11669816
11670065
11670688
11671997
11672221
11673016
11673627
11673801
11674958
11675287
11675547
11676005
11676114
11676138
11676620
11677008
11677240
11677337
11678552
11678746
11678888
11679925
11679961
11680093
11680135
11680138
11680229
11680247
11682449
11683177
11683728
11684167
11684388
11684761
11684888
11685100
11685284
11685630
11685652
11686515
11686754
11686992
11687281
11687498
11687517
11687771
11688213
11688405
11688429
11688591
11688759
11688928
11689012
11689018
11689057
11689975
11690486
11691724
11691825
11692263
11696502
11696552
11697287
11697462
11698612
11699631
11699650
11699741
11701265
11701382
11702136
11702503
11702568
11702937
11703147
11703538
11704124
11704312
11704666
11704968
11705064
11705346
11707108
11707610
