2257253
2257506
2257566
2257629
2258272
2258294
2258389
2258645
2258764
2258839
2258888
2259168
2259234
2259500
2259531
2259742
2259990
2260047
2260171
2260208
2260566
2260643
2261125
2261718
2261750
2261848
2261955
2262090
2262195
2262212
2262227
2262267
2262301
2262302
2262474
2262566
2262578
2262596
2262664
2262971
2263203
2263645
2263713
2263720
2263845
2264098
2264181
2264295
2264388
2264704
2265014
2265153
2265317
2265407
2265437
2265665
2265667
2265717
2265726
2265728
2265851
2266091
2266100
2266348
2266390
2266600
2266683
2266914
2266982
2267210
2267561
2267645
2267759
2267779
2267944
2268103
2268114
2268123
2268253
2268493
2268716
2268731
2269018
2269067
2269172
2269364
2269661
2269997
2270495
2270529
2270577
2271130
2271192
2271409
2271418
2271788
2272014
2272047
2272430
2272531
