2906405
2906439
2906475
2906479
2906524
2906571
2906654
2906870
2907072
2907256
2907326
2907443
2907492
2907567
2907568
2907608
2907633
2907732
2907985
2908367
2908406
2908596
2908615
2908640
2908659
2908953
2909291
2909593
2910254
2910574
2910633
2910653
2910806
2910884
2911037
2911118
2911205
2911505
2911702
2911800
2911839
2911871
2911950
2911993
2912062
2912130
2912249
2912296
2912363
2912455
2912529
2912600
2912845
2912873
2913660
2913694
2913814
2913856
2914053
2914134
2914671
2914802
2914944
2915040
2915059
2915160
2915306
2915594
2915649
2915884
2915966
2916079
2916220
2916405
2916453
2916457
2916478
2916667
2916828
2916882
2917017
2917214
2917319
2917393
2917443
2917473
2917709
2917813
2917835
2918356
2918374
2918526
2919244
2919367
2919396
2919684
2919901
2919919
2920086
2920107
