4414935
4414958
4415008
4415597
4415780
4415785
4415950
4416171
4416184
4416228
4416300
4416329
4416415
4416422
4416807
4417001
4417362
4417369
4417593
4417647
4417887
4418048
4418294
4418949
4418995
4419061
4419584
4419699
4419738
4419995
4420264
4420422
4420427
4420578
4420936
4421221
4421556
4421638
4422211
4423040
4423129
4423279
4423747
4424620
4424757
4424910
4424923
4425002
4425022
4425350
4425446
4425450
4425454
4425490
4425540
4425775
4425902
4425970
4426273
4426561
4426615
4426653
4426725
4426869
4426995
4427088
4427184
4427750
4427805
4427869
4427970
4428001
4428607
4428843
4428946
4429255
4429465
4429528
4429575
4429652
4429702
4429918
4430314
4430362
4430475
4430540
4430571
4430797
4430834
4431291
4431787
4432067
4432275
4432336
4432374
4432798
4432857
4433135
4433241
4433419
