977363
977367
977533
977601
977620
977640
977700
977861
977943
978174
978284
978377
978460
978712
978718
978725
978788
978801
978831
978981
979054
979055
979057
979095
979107
979138
979193
979204
979397
979494
979553
979562
979777
979843
980056
980079
980121
980196
980220
980306
980416
980460
980723
980755
980850
980962
980964
981024
981053
981066
981082
981287
981332
981374
981861
981871
981894
981900
981912
981940
981954
982051
982178
982217
982296
982356
982529
982587
982703
982708
982805
982895
983042
983122
983173
983266
983281
983292
983325
983447
983943
984076
984080
984157
984390
984447
984545
984558
984597
984614
984656
984700
984717
984746
984880
985057
985080
985163
985194
985217
