13044659
13045014
13045402
13045564
13047373
13049319
13050847
13051278
13051387
13052512
13054199
13054494
13054519
13054873
13054947
13055194
13055346
13055928
13056206
13057896
13058451
13058564
13058944
13059262
13059356
13059892
13060197
13060256
13060749
13061762
13061789
13063880
13064135
13064645
13065074
13067963
13068519
13068753
13070326
13070560
13070852
13071019
13071114
13071235
13071239
13071343
13072061
13072338
13073307
13073667
13075230
13075311
13076062
13076943
13078270
13078511
13079565
13079616
13079788
13080652
13081526
13082319
13082448
13082903
13083131
13083158
13083223
13083665
13084308
13085487
13086297
13086585
13088036
13088476
13088815
13090153
13090798
13091057
13091220
13091306
13091432
13091806
13092877
13093101
13093225
13093522
13094499
13094925
13095060
13095342
13096222
13096820
13097054
13097959
13098168
13098478
13098836
13099171
13099286
13099331
