8039650
8041460
8041496
8041604
8042679
8043117
8043430
8043559
8043636
8044015
8044131
8044160
8044731
8045034
8045480
8046209
8046483
8047182
8047618
8047729
8047817
8048033
8048478
8048575
8049565
8049897
8050546
8050846
8051009
8051761
8051795
8052004
8052065
8052128
8052166
8052294
8052755
8053127
8053208
8053394
8053631
8053668
8053678
8053947
8054722
8054924
8055585
8057745
8057856
8058257
8058898
8059131
8059506
8060037
8060204
8060248
8060484
8060527
8060916
8061457
8061762
8061855
8061876
8061988
8062106
8062239
8062490
8062525
8062651
8062904
8062976
8062998
8063230
8063241
8063512
8063563
8063692
8064021
8064148
8064421
8064777
8064886
8064891
8064908
8065347
8065571
8065658
8065663
8065676
8066148
8066468
8066651
8067853
8068268
8068503
8068983
8069087
8069172
8069442
8069555
