18244323
18246189
18246502
18246609
18247825
18248028
18248509
18248782
18249278
18250679
18251109
18252246
18252583
18252756
18253035
18254169
18256518
18257348
18261002
18262721
18264196
18264309
18264348
18264561
18265023
18265445
18265604
18269150
18269691
18270398
18272514
18272610
18273507
18273847
18274150
18275128
18275345
18275658
18276638
18277824
18278969
18280171
18281221
18281458
18281519
18281807
18282181
18283194
18284043
18284172
18285630
18286660
18287215
18288601
18289691
18290192
18290505
18290879
18290987
18291323
18291426
18292040
18292728
18294148
18294335
18294341
18294734
18294944
18296493
18296722
18297117
18297487
18297527
18298138
18298628
18298670
18299492
18300295
18302305
18303541
18304052
18305665
18307247
18308714
18309777
18311058
18311409
18312327
18312398
18313288
18313470
18313621
18313894
18314764
18316235
18316258
18316588
18316741
18317260
18317772
