3629094
3629332
3629701
3629727
3629959
3630315
3630321
3630511
3630959
3630989
3631049
3631330
3631552
3631676
3631776
3631869
3631875
3631930
3631938
3631941
3631953
3632431
3632441
3632480
3632699
3632910
3633137
3633356
3633931
3634036
3634620
3634644
3635207
3635213
3636146
3636431
3636504
3636522
3636702
3636871
3637154
3637210
3637250
3637286
3637439
3637482
3637596
3637730
3637856
3637857
3637877
3637965
3637989
3638010
3638075
3638236
3638316
3638466
3638632
3638956
3638966
3639371
3639465
3639567
3640922
3641073
3641318
3641464
3641502
3641855
3642052
3642166
3642326
3642332
3642368
3642825
3642972
3643170
3643653
3643690
3643706
3643812
3643823
3643853
3643977
3644015
3644082
3644869
3645036
3645723
3645768
3646274
3646317
3646555
3646703
3646868
3647043
3647048
3647148
3647208
