7637151
7637500
7637678
7637696
7637998
7638249
7638370
7638913
7638922
7639378
7639703
7639804
7639805
7640131
7640264
7640272
7640495
7641177
7641314
7642008
7642025
7642307
7642687
7642986
7643026
7643028
7643252
7643446
7643582
7643980
7644041
7644238
7644924
7644974
7644987
7645041
7645556
7646180
7646227
7646313
7646433
7646694
7646789
7647051
7647136
7647455
7647798
7647885
7648093
7648401
7648438
7648975
7649019
7649289
7649373
7649556
7650387
7650542
7650622
7651104
7651455
7651504
7652031
7652066
7652116
7652693
7652801
7652828
7653044
7653264
7653315
7653413
7653421
7653648
7653758
7654043
7654077
7654118
7654399
7654417
7654449
7654633
7654671
7654760
7654809
7654886
7655178
7655253
7655468
7655494
7655963
7656138
7656141
7656172
7656478
7656526
7656637
7656842
7657239
7657371
