21425975
21426447
21426494
21426895
21428993
21429285
21429538
21430215
21430317
21430706
21432051
21433545
21435913
21436144
21436230
21436497
21436575
21436850
21436882
21437626
21437715
21439817
21439874
21441933
21442198
21443248
21443842
21444119
21444131
21444155
21444943
21445488
21445883
21446076
21446228
21446595
21447619
21447926
21448253
21448708
21448729
21448821
21449929
21452270
21452712
21458485
21458610
21459974
21460556
21460657
21461844
21462314
21463456
21463723
21465577
21465984
21466610
21467296
21467618
21468798
21468882
21468989
21469686
21471332
21471399
21473422
21474236
21474351
21475401
21476043
21476580
21477980
21478619
21479056
21479668
21479904
21481455
21482192
21484871
21486952
21487146
21487993
21488740
21489010
21489189
21490236
21490783
21491633
21491767
21493922
21494191
21494365
21497501
21498620
21500060
21501230
21501875
21502086
21503346
21504897
