3979658
3980041
3980220
3980227
3980300
3980508
3980769
3980775
3980916
3980931
3981101
3981129
3981218
3981391
3981458
3981490
3981779
3981807
3982049
3982223
3982771
3982894
3983118
3983147
3983192
3983482
3983602
3983678
3983871
3983924
3984282
3985033
3985600
3985628
3985685
3985774
3985879
3986055
3986087
3986153
3986223
3986234
3986402
3986547
3986582
3986793
3987170
3987563
3987583
3987654
3987735
3988152
3988278
3988629
3988645
3988862
3988971
3989000
3989043
3989085
3989194
3989205
3989261
3989487
3989689
3989692
3989767
3990109
3990179
3990631
3990793
3990842
3991032
3991061
3991251
3991641
3991817
3992129
3992290
3992355
3992362
3992569
3992590
3992645
3992794
3992795
3993082
3993356
3993466
3993484
3993572
3993763
3993806
3993864
3994076
3994204
3994669
3994703
3994915
3994936
