10769687
10769863
10770044
10770279
10771044
10771105
10771222
10771384
10771591
10771894
10772074
10772075
10772200
10772478
10772873
10772914
10773668
10773684
10773892
10774369
10774494
10774547
10775381
10775794
10775803
10776600
10776624
10777030
10777062
10777478
10778029
10778241
10778487
10778688
10779029
10779567
10780368
10780669
10780916
10780936
10781150
10781284
10781840
10781954
10782376
10782611
10782955
10784457
10786297
10786373
10786734
10787092
10788150
10788173
10788643
10788858
10789465
10789610
10790120
10790515
10791414
10791607
10792433
10792704
10792732
10794039
10795108
10795804
10796054
10796800
10797277
10797284
10797452
10797518
10797766
10798092
10800327
10803106
10803729
10803760
10804534
10804851
10805455
10805497
10806028
10806791
10808024
10808509
10808888
10809180
10809308
10810236
10810710
10810788
10811270
10811537
10811787
10811874
10812028
10812223
