18054963
18055247
18055619
18055898
18055925
18056119
18056464
18056532
18057360
18057920
18058166
18058410
18058990
18059178
18059361
18059525
18060701
18061000
18061076
18061246
18061694
18062080
18062648
18063419
18064905
18065321
18065952
18067348
18068498
18068872
18069754
18069990
18073334
18075054
18076130
18077923
18077946
18078187
18079144
18079431
18079535
18079928
18080079
18080421
18080437
18080669
18080959
18081405
18081735
18081889
18082004
18083239
18083963
18084571
18084739
18085340
18086057
18086466
18086745
18088407
18088689
18089293
18090073
18090309
18091042
18091450
18091494
18091624
18091833
18091919
18091976
18092485
18092810
18093070
18093472
18093544
18093713
18094260
18094316
18095333
18095487
18095756
18096375
18096434
18097473
18098034
18099373
18100004
18100478
18103599
18103719
18105096
18106756
18107605
18107749
18108034
18108258
18113962
18114088
18115222
