11461001
11461221
11461924
11461981
11462204
11462487
11462598
11462733
11463116
11464338
11464937
11464955
11467163
11467994
11469543
11470146
11470475
11470565
11471111
11471189
11471242
11471602
11472116
11472117
11472345
11472523
11472780
11472832
11473098
11473249
11473325
11473353
11473455
11473584
11473675
11473687
11475692
11475771
11476003
11476596
11476803
11476852
11477303
11477309
11477364
11477548
11477896
11477957
11478261
11478353
11478985
11479073
11479356
11480524
11481075
11481312
11481372
11481566
11481812
11482144
11482176
11483001
11483042
11483160
11483411
11484027
11484460
11485069
11485130
11485460
11485661
11485850
11486152
11486578
11486827
11487197
11488598
11489774
11489783
11491551
11491719
11491778
11491901
11492341
11492540
11492597
11492939
11493509
11494445
11494643
11495136
11495178
11495556
11495711
11496305
11497019
11497088
11498304
11498884
11499670
