2804080
2804203
2804209
2804231
2804521
2804666
2804934
2804984
2805028
2805345
2805539
2805854
2806026
2806176
2806554
2806634
2806652
2806785
2806830
2807049
2807339
2807347
2807361
2807469
2807581
2807605
2807692
2807784
2808162
2808223
2808224
2808226
2808380
2808583
2808680
2808733
2808910
2809057
2809107
2809116
2809122
2809187
2809366
2809371
2809504
2809512
2809596
2809914
2809924
2809990
2810012
2810153
2810156
2810890
2811383
2811839
2811852
2811940
2812134
2812165
2812200
2812250
2812436
2812582
2812589
2812676
2812812
2812886
2813186
2813234
2813293
2813423
2813429
2813448
2813559
2813588
2813818
2813983
2814065
2814085
2814299
2814359
2814457
2814911
2814939
2814959
2815008
2815069
2815092
2815139
2815193
2815228
2815371
2815562
2815673
2815810
2815872
2816567
2816642
2816688
