5346155
5346229
5346398
5346537
5346568
5346801
5346969
5346993
5347347
5347720
5347861
5347917
5348058
5348140
5348429
5348686
5348905
5349640
5349743
5349797
5349950
5349954
5349969
5350000
5350160
5350699
5350784
5350817
5350848
5351107
5351183
5351219
5351326
5351415
5351513
5351848
5352133
5352309
5352352
5352479
5352643
5352700
5352862
5353106
5353221
5353336
5354056
5354061
5354446
5354449
5354517
5354810
5354843
5354968
5355266
5355333
5355348
5355507
5355629
5355683
5356186
5356194
5356214
5356567
5356614
5357093
5357150
5357351
5357920
5357922
5358012
5358019
5358048
5358199
5358396
5358416
5358527
5358720
5358933
5358938
5358982
5359128
5359515
5359518
5360143
5360414
5360458
5360529
5360812
5360822
5361002
5361151
5361168
5361213
5361303
5361528
5361832
5361844
5361980
5362202
