23617746
23618049
23619119
23620418
23621354
23626410
23626958
23627692
23627763
23629649
23634616
23636204
23636434
23636678
23637896
23639355
23640848
23643803
23644841
23646799
23647534
23647764
23647949
23649040
23649593
23649671
23651383
23651505
23652947
23654908
23657430
23660752
23660850
23661050
23661501
23662279
23662794
23664507
23666633
23667443
23668154
23668574
23668958
23669233
23669303
23671071
23671175
23671716
23672402
23672573
23674085
23674364
23674953
23677542
23677989
23679627
23681225
23683066
23683377
23685252
23686208
23686401
23690292
23693537
23694072
23695168
23696986
23697434
23698445
23699123
23701394
23701963
23703226
23703551
23704923
23705863
23706929
23707243
23708599
23709651
23709763
23711586
23712656
23714356
23717081
23722000
23724715
23725774
23727227
23728242
23728801
23731489
23733281
23733594
23735083
23736013
23736383
23736540
23736814
23736919
