4475096
4475421
4475511
4475543
4475970
4476326
4476327
4476782
4477345
4477589
4477794
4477909
4478046
4478115
4478133
4478519
4478851
4478942
4479164
4479521
4479755
4479772
4480403
4480463
4480548
4480560
4480725
4480733
4481277
4481278
4481400
4481620
4482043
4482162
4482521
4482576
4482712
4482719
4482796
4483043
4483099
4483166
4483565
4483566
4483879
4483956
4484109
4484407
4484584
4484644
4485385
4485577
4485656
4485697
4485811
4486214
4486330
4486468
4486713
4486887
4486963
4487246
4487296
4487424
4487661
4487711
4487731
4487849
4487881
4487906
4487924
4488138
4488525
4488615
4488628
4488757
4488888
4488963
4489188
4489226
4489229
4489429
4489589
4489698
4489961
4490360
4490487
4490619
4490692
4491067
4491079
4491179
4491446
4491447
4492093
4492342
4492371
4492592
4492611
4492759
