11120352
11120464
11120591
11120771
11121180
11121818
11122163
11122203
11122217
11122262
11122295
11122998
11123616
11124170
11124383
11124708
11125263
11125534
11126067
11128598
11128819
11129236
11129271
11130111
11131127
11131450
11132429
11132713
11132751
11133086
11133209
11133335
11133640
11134520
11134887
11135135
11135387
11135691
11136510
11136703
11136866
11137149
11137344
11138418
11138779
11138804
11138970
11138985
11139676
11140587
11141053
11141426
11141657
11142183
11142779
11143850
11145229
11145429
11145819
11147081
11147270
11147316
11147343
11147801
11148004
11148040
11149221
11149284
11149316
11150061
11150159
11150725
11150898
11151272
11151496
11152779
11152957
11153087
11153345
11153485
11153503
11153592
11154154
11154274
11154551
11155123
11155624
11155852
11155959
11156148
11156381
11156702
11157056
11157238
11158059
11158293
11158420
11158851
11159275
11159326
