695242
695452
695702
695703
695917
695919
696017
696060
696100
696548
696821
696835
696837
696928
697112
697274
697401
697471
697649
697999
698048
698089
698101
698281
698655
698761
698868
698933
698985
699039
699055
699122
699125
699135
699283
699379
699386
699534
699559
699633
699644
699727
699751
699892
700040
700100
700256
700316
700320
700416
700492
700566
700666
700736
700797
701148
701206
701535
702060
702367
702368
702518
702670
702812
702854
702910
702913
702919
702941
703020
703161
703185
703325
703531
703731
704092
704254
704270
704524
704984
705196
705266
705425
705453
705553
705584
705629
705652
705709
705855
705868
706164
706222
706343
706349
706459
706547
706622
706676
706914
