8239859
8239921
8240090
8240332
8240624
8241181
8241629
8241860
8241872
8241912
8242213
8242735
8243537
8244092
8244531
8244662
8244696
8245584
8246256
8247134
8247199
8247670
8247884
8248708
8248820
8248887
8249221
8249464
8249579
8249749
8250080
8250764
8251867
8251941
8251974
8252044
8252494
8252660
8253027
8253624
8253814
8254065
8254775
8255059
8255713
8255791
8256123
8256268
8256508
8257564
8258035
8258197
8258226
8258630
8258682
8258923
8259157
8259225
8259620
8259621
8259717
8259859
8260198
8260874
8261194
8261425
8261446
8261489
8261659
8261951
8262219
8262468
8262581
8262670
8263002
8263121
8263153
8263364
8263447
8264065
8264191
8264359
8265026
8265377
8265736
8265785
8265990
8266039
8266093
8266150
8266639
8267033
8267512
8268271
8268438
8269277
8269915
8270267
8270527
8270644
