13537603
13537648
13537995
13538010
13538833
13539488
13539614
13540637
13541153
13541723
13542858
13542880
13543017
13543757
13544431
13544610
13544685
13544783
13545134
13545578
13545612
13546241
13547958
13548179
13548291
13548412
13550248
13550733
13550740
13550780
13550960
13551091
13551150
13551514
13551804
13553333
13554586
13555795
13558224
13558757
13560108
13561444
13562843
13563158
13564034
13565542
13565604
13565894
13566366
13568112
13568310
13569273
13570246
13570505
13570721
13571772
13571899
13571910
13572176
13572319
13573116
13573390
13574063
13574808
13575684
13576112
13577377
13577542
13577553
13578336
13579204
13579519
13579761
13580464
13581333
13581416
13581512
13581840
13583289
13583630
13584668
13585831
13585854
13586050
13587881
13588395
13588844
13588869
13590096
13590654
13591160
13591273
13591708
13593556
13593615
13594953
13594996
13595814
13595899
13596762
