652184
652257
652308
652620
652731
653318
653359
653395
653446
653611
653658
653674
654111
654151
654279
654490
654862
655039
655100
655568
655850
655950
656027
656053
656069
656270
656274
656334
656853
656873
656888
656936
657056
657136
657180
657283
657347
657502
657697
657757
657759
658079
658098
658109
658569
658570
658593
658637
658719
658724
658758
658849
658969
658997
659087
659199
659364
659411
659432
659435
659461
659485
659707
659737
659805
659836
659873
660010
660018
660029
660088
660133
660175
660500
660510
660591
660593
660741
660743
660906
660911
661020
661048
661076
661091
661330
661425
661468
661523
661685
661829
661863
661878
661885
662017
662046
662061
662066
662164
662262
