12987872
12987877
12988445
12988489
12988517
12988931
12989159
12990574
12990819
12990879
12990952
12991347
12991437
12992953
12994342
12994840
12996279
12997143
12997455
12997581
12997864
12998884
12999220
12999388
12999503
13000182
13001334
13003858
13003875
13004662
13005395
13005999
13006039
13007609
13007779
13008110
13008397
13009448
13009595
13009763
13010380
13010560
13011420
13012938
13013758
13014699
13016074
13016848
13016989
13017038
13017238
13017458
13017583
13019202
13019498
13020296
13020595
13021201
13022306
13022308
13022480
13023003
13023009
13023284
13023318
13024630
13025087
13025317
13026165
13027737
13027955
13028386
13028732
13028839
13029225
13029369
13030565
13030884
13033560
13033991
13034277
13034564
13034722
13035001
13035094
13035872
13035978
13037049
13037061
13037727
13039697
13039921
13040394
13040704
13041432
13041800
13042284
13043644
13043916
13044647
