6670649
6671859
6672150
6672340
6673027
6673032
6674575
6674602
6674874
6674902
6675231
6675232
6675570
6675585
6675950
6676008
6676345
6676472
6676627
6676807
6676971
6676982
6677608
6678992
6680102
6680198
6680308
6680591
6680633
6680927
6681483
6681501
6681851
6682403
6683638
6684092
6684994
6685413
6686728
6686888
6687045
6687517
6687532
6687560
6687675
6687783
6687798
6688234
6688682
6688890
6689084
6689228
6690594
6691445
6691940
6691993
6692906
6693237
6694564
6695075
6695482
6696793
6696921
6697297
6698060
6698227
6698242
6698732
6698811
6699129
6699457
6700518
6701444
6701572
6701830
6701926
6702334
6702972
6704138
6705313
6706361
6706858
6707446
6707776
6708703
6708954
6710099
6711572
6712601
6713412
6713682
6714424
6714561
6715799
6716818
6717118
6717148
6717952
6718550
6719941
