541443
541668
541780
541894
542342
543859
544131
544353
544363
544421
544705
545181
545241
545336
545361
545392
545982
546175
546484
546701
547064
547158
547203
547561
547694
547807
547819
547919
548286
548302
548446
548575
548584
548636
548705
548712
548716
548737
548763
548847
548894
549054
549123
549584
549788
550578
550680
550706
551156
551162
551265
551493
551510
551515
551548
552010
552066
552121
552349
552439
552488
552547
552804
552936
553055
553601
553852
554383
554608
554749
554802
554804
554845
554878
554890
555053
555198
555652
555758
556330
557014
557073
557294
557473
558047
558200
558413
558534
558700
558757
559003
559019
559093
559347
560594
560733
560758
560958
560963
560973
