4552824
4552834
4553030
4553213
4553263
4553602
4553672
4553699
4553708
4553725
4553800
4553861
4553872
4553877
4553879
4553888
4553926
4554085
4554173
4554263
4554461
4554513
4554587
4554622
4554652
4554695
4554806
4554830
4554834
4554862
4554884
4554911
4555123
4555328
4555873
4555905
4556168
4556434
4556441
4556565
4556600
4556645
4556685
4556691
4556731
4556964
4557318
4557323
4557632
4557773
4557907
4558120
4558125
4558320
4558361
4558557
4558694
4558713
4558764
4559086
4559625
4559727
4559828
4559829
4559830
4559832
4559837
4559841
4559842
4559844
4559848
4559851
4559856
4560140
4560145
4560150
4560254
4560362
4560396
4560464
4560466
4560485
4560490
4560556
4560664
4560710
4561130
4561558
4561713
4561988
4561998
4562676
4562827
4563269
4563382
4563493
4563513
4563576
4563637
4563995
