7754735
7754915
7754992
7755384
7756046
7757492
7757522
7757820
7757887
7758114
7758257
7758331
7758596
7758613
7758720
7759013
7759181
7759224
7759714
7759930
7760322
7760843
7761011
7761219
7761273
7761287
7761319
7761412
7761824
7762288
7762663
7762740
7763321
7763515
7763647
7763665
7764094
7764108
7764217
7764351
7764476
7764847
7764854
7764943
7764996
7765431
7765555
7765582
7766024
7766200
7766310
7766416
7766483
7766862
7767086
7767174
7767874
7767911
7767967
7768033
7768101
7768201
7768283
7768594
7769046
7769749
7770031
7770139
7770300
7770353
7770456
7770527
7770727
7771065
7771308
7771659
7771934
7772027
7772744
7772898
7773025
7774059
7774095
7774219
7774240
7774780
7774853
7774957
7775096
7775444
7775617
7775758
7775789
7775813
7777840
7779247
7779367
7779576
7779643
7780006
