1706517
1706609
1706743
1706824
1706881
1706895
1707143
1707244
1707310
1707360
1707482
1707504
1707510
1707809
1707963
1707988
1708332
1708392
1708440
1708450
1708465
1709014
1709068
1709243
1709363
1709596
1709734
1709817
1709844
1710180
1710215
1710465
1710530
1710557
1710572
1710660
1710715
1710731
1710848
1710863
1710901
1710994
1711141
1711213
1711218
1711220
1711331
1711431
1711538
1712099
1712250
1712325
1712929
1713067
1713190
1713273
1713485
1713956
1714116
1714184
1714237
1714838
1714876
1714936
1714976
1715075
1715081
1715131
1715214
1715261
1715262
1715323
1715440
1715739
1715797
1715877
1715932
1715985
1716208
1716306
1716345
1716608
1716670
1716689
1716755
1716843
1716913
1716967
1717157
1717268
1717335
1717370
1717596
1717983
1718134
1718331
1718452
1718464
1719094
1719406
