16357588
16358202
16359645
16359698
16360682
16360711
16360948
16361331
16362790
16363876
16364021
16364046
16364719
16365148
16365601
16366551
16367895
16368771
16370343
16370356
16372297
16373339
16374915
16374921
16375304
16376003
16376231
16376673
16377068
16377449
16377695
16378761
16379538
16380573
16380814
16381807
16381850
16381891
16382386
16383539
16383617
16383626
16383870
16384351
16384508
16384740
16384930
16385387
16385598
16385966
16386215
16386248
16386375
16386894
16387280
16388432
16388573
16388615
16388769
16388925
16389089
16391051
16391956
16392831
16392961
16393517
16396259
16396520
16396648
16397103
16397746
16398111
16398487
16398787
16399569
16400763
16400859
16400900
16400988
16402355
16402792
16402808
16403230
16403270
16404152
16405291
16405436
16405830
16406403
16406677
16407278
16407634
16407679
16407960
16408079
16408532
16408877
16409895
16410804
16412292
