14564026
14564331
14564738
14564878
14565028
14566309
14566615
14567052
14569060
14570021
14570587
14570984
14571394
14572134
14572831
14575253
14575484
14576252
14576765
14576940
14578191
14578416
14578433
14578801
14579365
14579440
14579826
14580596
14582824
14582935
14582992
14583095
14583519
14583967
14584043
14584072
14584841
14584922
14585203
14585218
14585503
14585926
14586243
14587276
14587655
14588890
14589978
14591920
14593058
14593112
14593382
14594162
14594197
14594385
14594486
14594565
14594700
14594722
14595651
14597175
14597490
14597514
14598081
14599076
14599371
14599842
14599991
14600028
14600991
14601354
14601866
14602634
14603366
14604578
14607360
14607454
14608048
14608638
14610189
14611543
14615958
14616257
14616512
14617702
14618249
14618258
14618740
14620368
14620394
14622696
14623051
14623238
14623472
14624441
14624583
14624599
14625148
14625327
14625444
14625732
