1741767
1741871
1742004
1742163
1742258
1742297
1742408
1742522
1742623
1742630
1742670
1742824
1742968
1743000
1743051
1743118
1743124
1743139
1743251
1743463
1743499
1743581
1743625
1743795
1743992
1744065
1744087
1744216
1744606
1744649
1744706
1744815
1744856
1745183
1745208
1745216
1745297
1745393
1745460
1745596
1745689
1745912
1746024
1746122
1746261
1746326
1746331
1746356
1746417
1746440
1746455
1746498
1746516
1746587
1746670
1746727
1746760
1747072
1747178
1747232
1747348
1747520
1747736
1747876
1747886
1747942
1748092
1748259
1748586
1748602
1748640
1748650
1748811
1749033
1749108
1749549
1749703
1749707
1749863
1749869
1750022
1750490
1750792
1750942
1751032
1751099
1751195
1751394
1751481
1751507
1751658
1751752
1752097
1752181
1752413
1752489
1752586
1753001
1753135
1753145
