587376
587489
588086
588189
588387
588436
588591
588675
588703
588738
588739
588813
588880
588888
588896
588900
588942
588948
588967
589016
589037
589291
589531
589836
589907
589936
590052
590339
590696
590985
591063
591231
591598
592102
592239
592280
592389
592411
592533
592637
592653
592780
592901
592961
592969
593030
593266
593331
593597
593616
593685
593999
594390
594545
594966
595216
595277
595288
595311
595550
595720
595788
595790
596275
596317
596333
596745
596928
597066
597383
597600
597945
598013
598128
598138
598190
598383
598468
598720
598865
598870
598922
599046
599274
599411
599794
599796
599818
600016
600035
600075
600238
600299
600519
600524
600667
600735
600930
601119
601974
