13370087
13371113
13371233
13374388
13374564
13374916
13374940
13375249
13376644
13376661
13377076
13377618
13377743
13378049
13378824
13378968
13379077
13379239
13379725
13379736
13380009
13380725
13380743
13380952
13381311
13381435
13381599
13382131
13382546
13383158
13384412
13384834
13385244
13386749
13386755
13386926
13387002
13387692
13387858
13387915
13389230
13389260
13389674
13391302
13391671
13391781
13391996
13392924
13393521
13393523
13393859
13394729
13394904
13395220
13396288
13396918
13397254
13397326
13397532
13397743
13400603
13401453
13402030
13404237
13404861
13404913
13406247
13406903
13407275
13408879
13409049
13409439
13409465
13409506
13409948
13410088
13410499
13411487
13411967
13412703
13413016
13413138
13414134
13414656
13414674
13416577
13416610
13416858
13416937
13417561
13418326
13418825
13419014
13419370
13419964
13420240
13420603
13421117
13421585
13422811
