24044780
24047416
24048091
24049550
24050012
24052261
24052768
24053437
24053814
24054878
24055988
24056034
24056348
24057473
24057687
24058062
24058389
24058433
24058514
24059962
24060858
24061402
24062560
24064826
24065254
24066473
24066776
24066967
24069060
24071557
24073902
24075537
24075607
24075907
24084168
24084570
24086280
24086416
24087363
24087569
24090872
24092224
24092963
24093921
24095300
24095954
24096550
24097836
24101797
24104673
24104675
24104747
24106647
24106750
24107598
24108589
24110354
24113449
24113660
24114098
24114243
24114426
24114955
24115075
24115168
24116005
24116029
24117588
24117654
24119688
24121065
24121867
24122198
24123620
24124093
24124395
24125083
24125201
24125416
24127723
24128342
24129851
24132838
24134288
24135972
24139861
24140155
24141083
24141614
24142869
24143603
24149663
24150701
24151063
24152021
24152343
24152654
24153934
24154134
24154806
