10812226
10812254
10812617
10812861
10812991
10813820
10814129
10814309
10814520
10815358
10815363
10816021
10816118
10816495
10816858
10817691
10818246
10818572
10820797
10821100
10821632
10822626
10822672
10823075
10823487
10824117
10824505
10824531
10824978
10827220
10827386
10827564
10827618
10827661
10827825
10828411
10828812
10829605
10829684
10831712
10833404
10835051
10835503
10835507
10835566
10835845
10835996
10836006
10836215
10836606
10837059
10837135
10837851
10837949
10838000
10838005
10838032
10838057
10838282
10838563
10839246
10839326
10839862
10840621
10841159
10841237
10842277
10842798
10843592
10843598
10844233
10844336
10844444
10844895
10845220
10845398
10845877
10846306
10846447
10846883
10846942
10847300
10847327
10848009
10848468
10848703
10848882
10848955
10849347
10849650
10849782
10850055
10850093
10850101
10850160
10850181
10850287
10850297
10850571
10850693
