22448199
22448583
22448682
22448827
22449001
22449795
22450086
22450466
22451103
22451229
22452185
22452629
22452806
22453799
22453980
22454247
22455006
22456451
22458274
22459064
22460341
22461414
22461520
22461645
22462363
22462552
22462972
22463926
22464118
22464501
22467342
22468124
22468468
22469509
22471295
22472995
22473152
22473285
22476692
22476704
22477102
22477637
22482295
22482615
22482765
22484998
22485983
22489539
22489617
22490997
22491117
22491917
22492289
22493483
22493762
22494331
22496242
22496879
22497172
22497749
22497826
22498919
22500113
22502460
22502901
22502906
22503964
22504368
22507693
22508163
22511153
22512265
22513655
22513996
22514405
22514481
22514568
22518036
22518604
22518764
22520330
22521002
22521876
22521953
22521969
22522259
22522336
22522927
22522982
22523798
22524875
22524952
22526143
22526468
22526781
22527363
22527596
22527619
22528227
22530242
