4979940
4980029
4980220
4980291
4980414
4980444
4980728
4980781
4980895
4980960
4981380
4981657
4981779
4982617
4982743
4982954
4982991
4983094
4983147
4983191
4983373
4983678
4983769
4983925
4983929
4983961
4984099
4984219
4984301
4984547
4984569
4984664
4984740
4984803
4985008
4985056
4985402
4985695
4985717
4985998
4986077
4986090
4986333
4986430
4986472
4986531
4986532
4986553
4986595
4986649
4986794
4986812
4987610
4987629
4987645
4987728
4987759
4987866
4987882
4987899
4987913
4988197
4988403
4988481
4988619
4988627
4988643
4988849
4989075
4989121
4989180
4989261
4989326
4989717
4989827
4990102
4990164
4990365
4990408
4990424
4990637
4990744
4990921
4991018
4991046
4991353
4991431
4991436
4991738
4992119
4992336
4992549
4992571
4993539
4993654
4993734
4993846
4993930
4994193
4994208
