18116439
18116500
18117780
18119562
18120751
18121265
18122779
18124155
18124998
18125817
18127062
18127893
18128913
18129242
18129351
18130133
18130893
18130996
18131624
18133120
18133478
18133989
18136886
18139162
18140161
18140774
18142230
18142371
18142972
18143856
18143972
18144263
18144297
18144446
18144727
18144912
18145373
18146417
18146551
18146687
18147036
18147261
18148278
18149368
18149747
18149766
18149942
18150826
18151229
18151277
18151281
18151384
18151406
18151590
18152258
18153457
18154074
18154182
18154840
18157110
18158086
18158915
18159226
18160212
18160932
18160983
18161673
18162454
18163519
18164288
18164357
18165254
18165320
18165830
18165917
18166012
18166307
18167741
18168918
18169374
18170956
18170964
18173451
18173453
18173780
18174002
18174547
18175367
18175388
18176287
18177594
18178167
18180371
18181925
18182451
18182746
18182884
18183275
18183907
18184472
