5290309
5290558
5290655
5290984
5291301
5291533
5291598
5291909
5291915
5292049
5292440
5292493
5292567
5292786
5293287
5293307
5293701
5294107
5294632
5294828
5295319
5295376
5295527
5295797
5295850
5296041
5296051
5296682
5297371
5297527
5297591
5297931
5298080
5298216
5298284
5298388
5298407
5298455
5298563
5298593
5298887
5299036
5299266
5299542
5299763
5300617
5300658
5300809
5300819
5300995
5301115
5301483
5301573
5301576
5301598
5301777
5301870
5302019
5302499
5302591
5302761
5302939
5303091
5303769
5304304
5304449
5304552
5304571
5304674
5304716
5304770
5304777
5304910
5304930
5305039
5305101
5305112
5305172
5305225
5305654
5305736
5305952
5306181
5306278
5306291
5306677
5306746
5306905
5307309
5307374
5307591
5307597
5307673
5307876
5308128
5308302
5308521
5308529
5308546
5308579
