6760754
6760831
6761043
6761276
6761490
6761642
6761841
6761977
6762005
6762279
6762282
6762365
6762593
6762770
6762949
6764392
6764455
6765185
6765419
6765448
6765729
6766329
6766447
6766857
6766900
6767204
6768007
6768410
6768860
6768893
6769667
6769882
6769957
6770107
6770337
6770593
6771213
6771347
6771379
6771501
6771537
6771776
6771805
6771834
6771944
6772767
6773112
6773388
6773727
6773823
6774383
6774441
6774865
6775126
6775504
6777515
6777700
6777739
6777873
6778130
6778589
6778738
6778796
6779322
6779717
6779847
6780125
6780478
6780873
6781576
6781852
6782144
6782276
6783060
6783249
6783366
6783399
6783515
6783560
6783731
6786283
6787166
6787257
6787403
6787633
6787807
6788316
6788562
6788671
6789268
6789331
6789497
6789607
6789680
6789744
6789780
6789956
6789994
6790432
6790488
