10493893
10494158
10494219
10494362
10495365
10495949
10496371
10496729
10497078
10497177
10497285
10497362
10497682
10497740
10498217
10498344
10498786
10498844
10498996
10499499
10499540
10500085
10501097
10501201
10501347
10501821
10502182
10502785
10502835
10503403
10503904
10504387
10504479
10504853
10505111
10505684
10506367
10506798
10506933
10507034
10507246
10507291
10507996
10508053
10508063
10508427
10509520
10510080
10510928
10511364
10511400
10511555
10511991
10512158
10512322
10512571
10513192
10513935
10515820
10516901
10517077
10517240
10517539
10517593
10517657
10518172
10519589
10520440
10520636
10520719
10520766
10521310
10522030
10522120
10522411
10522726
10522869
10522879
10523082
10523189
10523362
10523510
10523657
10524109
10524860
10524949
10524988
10525167
10525182
10526874
10527275
10527303
10527362
10527549
10527897
10528301
10529157
10529450
10529630
10529640
