16077451
16077664
16078098
16078392
16079238
16079776
16079927
16081970
16082389
16082515
16082861
16083010
16084368
16084820
16084859
16085008
16085349
16085597
16086508
16087568
16088577
16088904
16088973
16089156
16090180
16090331
16090489
16092633
16093024
16093530
16094181
16094233
16094903
16094948
16095054
16095305
16096003
16097389
16097687
16098251
16098463
16098667
16099248
16099488
16100070
16100224
16100534
16100981
16101283
16101284
16103722
16103851
16103939
16104104
16104194
16104526
16104632
16104731
16104828
16105647
16106207
16106547
16106845
16106901
16107273
16107544
16108267
16108293
16108527
16109586
16109778
16109835
16111207
16111435
16111731
16112237
16112393
16112679
16112906
16113100
16114096
16114268
16114442
16115223
16115681
16117017
16117209
16117662
16118685
16119331
16119851
16119908
16119955
16120873
16121238
16121978
16122691
16122904
16123955
16124375
