7222072
7222119
7222122
7222136
7222387
7222594
7222598
7222633
7222659
7222727
7223729
7223959
7223996
7224080
7224131
7224952
7225072
7225477
7225924
7226180
7226310
7226511
7226632
7227287
7227432
7227728
7227942
7228044
7228053
7228060
7228238
7228492
7228587
7228593
7228642
7228814
7229032
7229118
7229545
7230124
7230464
7232646
7233131
7233551
7233968
7233977
7234076
7234093
7234111
7234574
7234675
7235113
7235381
7235666
7235694
7235858
7236568
7236723
7236782
7236883
7237660
7238143
7238425
7238773
7238838
7238938
7239422
7239576
7239791
7239863
7239935
7239976
7240047
7240244
7240628
7241034
7241229
7241818
7241915
7242724
7242742
7242857
7243712
7243780
7244058
7244402
7244875
7245090
7245114
7245372
7245877
7245891
7246900
7247251
7247368
7247649
7247668
7248271
7248903
7248912
