1216411
1216501
1216574
1216621
1216670
1216720
1216724
1216772
1216886
1217002
1217049
1217120
1217151
1217177
1217289
1217298
1217307
1217490
1217802
1217876
1218075
1218080
1218272
1218292
1218375
1218394
1218428
1218445
1218525
1218813
1218911
1218946
1219189
1219274
1219354
1219544
1219547
1219566
1219650
1219695
1219752
1219809
1220010
1220080
1220585
1220627
1220921
1221013
1221026
1221135
1221270
1221673
1221878
1222017
1222094
1222379
1222447
1222508
1222585
1222600
1222608
1222996
1223173
1223190
1223249
1223383
1223401
1223437
1223442
1223673
1223677
1223742
1223749
1224072
1224079
1224122
1224176
1224343
1224381
1224767
1224785
1224849
1224893
1224970
1225005
1225041
1225061
1225097
1225286
1225287
1225353
1225364
1225468
1225557
1225730
1225802
1225955
1226137
1226141
1226225
