15967897
15968083
15968426
15969004
15969228
15969356
15969914
15969942
15970315
15970991
15971488
15972060
15972354
15972356
15973025
15973181
15974135
15974140
15974189
15974194
15974752
15975007
15975298
15977118
15977578
15978097
15978123
15978135
15978152
15979740
15979961
15980124
15980154
15980190
15980876
15981117
15981146
15981457
15981474
15981488
15981613
15981653
15981699
15982337
15983725
15983796
15984019
15984230
15984759
15985079
15986744
15987007
15987111
15987201
15987406
15987638
15987698
15987909
15988011
15988566
15988752
15989358
15989462
15989644
15989723
15989880
15990382
15990563
15990994
15992755
15992818
15992847
15992957
15993596
15993828
15994065
15995232
15996204
15996798
15996876
15997780
15998017
15998793
15999879
16000187
16000568
16000902
16001256
16001525
16002166
16002661
16003394
16004225
16004604
16004650
16005571
16005588
16006113
16006482
16006548
