18460808
18461874
18461944
18462448
18463430
18463452
18463880
18464315
18464542
18465365
18467550
18468399
18469429
18470000
18470322
18470412
18471472
18471885
18472565
18473329
18474782
18474866
18476878
18478389
18478890
18481841
18482298
18482408
18483209
18484551
18485161
18485261
18485449
18485515
18486234
18487391
18487577
18488146
18488703
18489508
18489849
18490031
18491063
18491514
18491696
18492057
18492169
18492192
18492525
18493137
18493697
18494658
18495122
18495394
18495777
18496019
18496928
18497312
18497655
18497906
18498125
18498276
18498790
18498956
18499641
18501354
18501671
18501863
18502341
18502544
18502683
18503054
18503150
18504085
18504455
18505022
18505632
18506470
18507048
18510674
18513591
18514604
18515056
18515555
18516964
18517949
18518009
18518031
18520681
18520693
18520788
18521843
18522306
18523174
18524535
18524825
18525209
18525290
18525453
18526876
