3163440
3163664
3163681
3163833
3164178
3164225
3164252
3164437
3164602
3164629
3164663
3164811
3165212
3165273
3165489
3165690
3165799
3165842
3165888
3166038
3166213
3166396
3166470
3166521
3166573
3166659
3166791
3166931
3167061
3167071
3167189
3167272
3167441
3167630
3167739
3168128
3168239
3168440
3168464
3169021
3169048
3169096
3169123
3169193
3169347
3169487
3169789
3169807
3170041
3170042
3170084
3170118
3170265
3170370
3170388
3170566
3170735
3170839
3170906
3171055
3171124
3171269
3171383
3171414
3171496
3171532
3171606
3171680
3171794
3171974
3172251
3172303
3172491
3172518
3172729
3172801
3173047
3173317
3173346
3173594
3173834
3173842
3174135
3174191
3174539
3174555
3174605
3174716
3175163
3175281
3175420
3175765
3175777
3175791
3175795
3175962
3175992
3176056
3176170
3176369
