4947063
4947086
4947953
4947990
4948042
4948099
4948152
4948210
4948305
4948583
4948614
4948751
4948949
4949357
4949749
4949765
4950034
4950157
4950338
4950875
4951057
4952173
4952250
4952272
4952401
4952411
4952544
4952661
4952920
4953620
4953628
4953677
4953698
4953886
4954045
4954129
4954296
4954303
4954754
4954776
4954897
4955160
4955674
4955850
4955856
4955933
4955994
4956455
4956523
4956548
4956663
4956685
4956772
4956788
4956926
4957510
4957720
4957891
4957897
4958349
4958388
4958414
4958427
4958480
4959073
4959079
4959103
4959165
4959183
4959492
4959495
4959497
4959623
4959979
4959997
4960040
4960361
4960502
4960597
4960636
4960730
4960760
4960977
4960980
4961338
4961341
4961363
4961516
4961679
4961709
4961943
4962053
4962131
4962248
4962444
4963051
4963339
4963344
4963483
4963538
