5623252
5623490
5623533
5624130
5624455
5624597
5625064
5625193
5625210
5625265
5625318
5625376
5625441
5625551
5625811
5626056
5626385
5626584
5626848
5627019
5627026
5627067
5627221
5627374
5627595
5627710
5628041
5628188
5628198
5628295
5628460
5628508
5628582
5628755
5628946
5629081
5629393
5629438
5629559
5629655
5630243
5630376
5630516
5630568
5630745
5630792
5630948
5631106
5631275
5631326
5631373
5631522
5631656
5631679
5632183
5632216
5632396
5632629
5632732
5632757
5632764
5633117
5633138
5633436
5633590
5633857
5634681
5634767
5634788
5635060
5635237
5635617
5635742
5635916
5635982
5636094
5636209
5636618
5636740
5636902
5637193
5637391
5637454
5637850
5637872
5638044
5638047
5638098
5638123
5638194
5638266
5638586
5638725
5638822
5639071
5639084
5639440
5639505
5639558
5639768
