8301248
8301318
8301610
8301637
8301754
8301963
8302643
8303630
8304216
8304260
8304834
8304836
8305019
8306844
8306977
8307014
8307368
8307575
8308231
8308236
8308899
8309136
8309621
8309903
8310608
8310841
8311034
8311403
8311869
8311957
8312061
8312289
8312542
8312557
8312596
8312945
8313158
8314408
8314567
8314734
8315857
8317638
8317987
8318733
8318845
8318874
8318989
8319119
8319602
8319642
8320715
8320841
8321002
8321151
8321347
8321884
8322146
8322214
8322331
8322493
8322775
8322883
8322992
8323017
8323869
8325973
8326663
8326673
8326980
8327099
8327120
8327124
8327419
8327661
8327778
8327859
8328252
8329832
8329872
8329900
8330585
8331144
8331359
8331435
8332921
8334378
8334708
8335436
8335593
8336365
8336384
8336534
8336744
8337821
8338498
8338919
8339053
8339394
8339585
8339895
