9496444
9496829
9497959
9498721
9500815
9501065
9501229
9501309
9501896
9501930
9502094
9502274
9503078
9503751
9503764
9504315
9504850
9505054
9505129
9505258
9505274
9505532
9505990
9506228
9506793
9506966
9507950
9508137
9508554
9509203
9509253
9509932
9510584
9510731
9511941
9512363
9512451
9512583
9512726
9512875
9513076
9513844
9513936
9514161
9515333
9515555
9515891
9515954
9516200
9516373
9516641
9517184
9517555
9517958
9518062
9518239
9519298
9520158
9520302
9520320
9520496
9520882
9521417
9521667
9522249
9522822
9522830
9523068
9523075
9523151
9523727
9523730
9523746
9523855
9523859
9524764
9524928
9525166
9525369
9525584
9525647
9526317
9527147
9527466
9527491
9527541
9528039
9528239
9528779
9528848
9529085
9529124
9529723
9529878
9530001
9530617
9531081
9531773
9533076
9533923
