6166170
6166205
6166229
6166247
6166536
6166568
6166888
6166901
6167210
6167423
6167469
6167480
6167598
6167779
6168015
6168210
6168268
6168345
6168411
6168823
6168828
6168914
6169551
6169980
6170271
6171187
6171982
6172118
6172424
6172843
6172945
6173019
6173629
6173738
6174460
6174999
6175230
6175563
6175739
6175861
6176318
6176631
6176678
6176973
6177083
6177254
6177256
6177534
6177911
6177920
6178180
6178252
6178777
6178807
6179223
6179739
6180064
6181148
6181424
6181580
6181731
6181737
6181770
6182031
6182239
6182471
6182998
6183839
6184047
6184244
6184397
6184586
6185321
6185442
6185594
6185635
6185679
6185857
6185868
6186234
6186565
6186603
6186635
6187287
6187334
6187479
6188085
6188123
6188303
6188329
6188698
6188905
6189195
6189301
6189705
6189796
6190193
6190570
6191400
6191606
