16841346
16841430
16841873
16841958
16842244
16842529
16842839
16842926
16843385
16843489
16843945
16844153
16844205
16844281
16844749
16847557
16847629
16847935
16848473
16849739
16850580
16851836
16851909
16852962
16853157
16853211
16853682
16854323
16854771
16854998
16855798
16855852
16856667
16857092
16860592
16860830
16862665
16863372
16863391
16864187
16865002
16865125
16865924
16866606
16868054
16868268
16868283
16868328
16869058
16869446
16869721
16870088
16870757
16871036
16871096
16871170
16871181
16871205
16871717
16872254
16872422
16872545
16872681
16872925
16874356
16874676
16875469
16876348
16876798
16877168
16877566
16877606
16877671
16878600
16878702
16879913
16880627
16880663
16881549
16881923
16884107
16884810
16885628
16886895
16887385
16887777
16889419
16890430
16890452
16891007
16891236
16891693
16892666
16893035
16893194
16893625
16894058
16894194
16894914
16895989
