102094
102245
102315
102386
102574
102611
102680
102725
102930
102965
103033
103184
103544
103636
103759
103876
103906
103935
104577
104744
104823
105081
105091
105093
105247
105378
105605
106201
106606
106672
106700
106840
106932
106937
107007
107078
107236
107301
107327
107333
107337
107358
107369
107623
107637
107670
107974
108110
108418
108623
108634
108654
108667
108690
108756
108766
108788
108820
108834
108861
108870
109058
109078
109112
109190
109257
109279
109504
109525
109652
109741
109910
109915
109940
110042
110122
110185
110200
110215
110328
110336
110353
110374
110436
110472
110685
110707
110714
110720
110803
110812
110815
111318
111545
111623
112282
112295
112321
113252
113262
