3736677
3736698
3736757
3736932
3737090
3737558
3737795
3737837
3737851
3737910
3738678
3739161
3739311
3739421
3739444
3739464
3739637
3739673
3739687
3739736
3740356
3740499
3740552
3740811
3740879
3741189
3741401
3741520
3741808
3741962
3742004
3742114
3742277
3742331
3742674
3742908
3742919
3743076
3743208
3743215
3743324
3743463
3743527
3743679
3743722
3743725
3743756
3743825
3743874
3744171
3744222
3744254
3744319
3744371
3744741
3745066
3745256
3745257
3745826
3746253
3746758
3746774
3746794
3746935
3747209
3747221
3747329
3747829
3748174
3748306
3748370
3748712
3748721
3748729
3748774
3748892
3748988
3749528
3749610
3749762
3749767
3749890
3749894
3749905
3749928
3749999
3750001
3750162
3750236
3750372
3750382
3750387
3750439
3750472
3750482
3750618
3750694
3751618
3751801
3752880
