14012749
14012781
14013666
14013692
14014277
14015215
14015443
14015600
14016410
14017205
14017280
14017598
14017823
14018391
14018746
14019099
14019720
14020164
14020370
14021003
14022019
14022208
14025142
14025636
14025854
14025930
14026060
14028211
14028274
14028740
14029208
14029868
14029969
14030599
14031113
14031202
14031379
14031730
14032435
14033320
14033327
14033804
14033836
14034790
14034885
14035493
14035524
14035748
14036096
14036153
14036449
14037809
14037885
14039231
14039559
14040157
14041269
14041307
14041628
14041769
14041794
14042599
14043186
14043459
14043460
14043468
14043672
14044124
14044302
14044744
14044976
14045232
14045719
14046066
14046840
14046991
14047854
14048209
14050838
14050876
14051623
14053438
14057635
14057774
14058345
14058576
14058695
14059377
14059683
14060123
14060580
14061302
14061457
14061543
14061963
14063059
14063416
14063679
14063884
14064432
