6241201
6241252
6241356
6241452
6241766
6241837
6241994
6242266
6242476
6242705
6242802
6243176
6243923
6243974
6244028
6244772
6245012
6245161
6245351
6246084
6246121
6246141
6246407
6246409
6246441
6246657
6246863
6247511
6249726
6250406
6250805
6250849
6251078
6251293
6251689
6251934
6252572
6252642
6252682
6252762
6253156
6253348
6253665
6255164
6255300
6255844
6256435
6256485
6257458
6257531
6257540
6257717
6257859
6258115
6258141
6258709
6258805
6259268
6259624
6259732
6259825
6259973
6260152
6260240
6260939
6261118
6261151
6261466
6261581
6261753
6261897
6261917
6262254
6262330
6262370
6262376
6262439
6262481
6262868
6263076
6263378
6263413
6263426
6263560
6263872
6264192
6264403
6264438
6264507
6264901
6265034
6265422
6265701
6265853
6267172
6267491
6267584
6267680
6267890
6268209
