15491047
15491425
15492431
15493021
15493031
15493107
15493297
15494419
15494981
15495007
15495221
15495507
15498038
15498211
15498248
15500285
15500553
15501773
15503698
15503733
15503843
15505124
15505371
15505825
15506008
15506192
15506480
15506483
15507564
15507605
15507771
15507782
15508268
15508609
15508850
15509236
15510302
15510738
15511155
15513137
15513727
15514260
15516569
15517784
15519236
15520771
15521765
15523195
15523369
15523601
15523697
15524093
15524400
15525003
15525507
15526182
15527635
15527806
15527913
15528492
15528658
15528777
15528902
15529025
15529036
15529242
15529291
15529702
15529921
15530282
15530514
15532114
15532599
15532923
15533214
15534136
15534952
15535035
15536010
15536294
15536351
15536714
15539145
15539741
15540209
15540563
15541124
15544220
15544498
15544563
15544987
15545462
15545581
15545930
15546525
15547717
15547992
15549310
15549401
15550481
