2064224
2064295
2064301
2064304
2064401
2064412
2064546
2064624
2064634
2064685
2064696
2064858
2064901
2065059
2065141
2065278
2065429
2065438
2065443
2065514
2065540
2065841
2065976
2066031
2066054
2066218
2066293
2066324
2066402
2067612
2067706
2067736
2067894
2067903
2067933
2068134
2068177
2068329
2068431
2068433
2068480
2068498
2068543
2068544
2068826
2069038
2069046
2069172
2069203
2069208
2069220
2069224
2069670
2069746
2070000
2070063
2070119
2070276
2070322
2070359
2070374
2070560
2070806
2071053
2071193
2071337
2071583
2071661
2071781
2072176
2072187
2072213
2072442
2072485
2072619
2072626
2073043
2073129
2073348
2073394
2073558
2073687
2073722
2073876
2073942
2073990
2074065
2074306
2074578
2074650
2074673
2074713
2074791
2074796
2074861
2074972
2075008
2075032
2075060
2075381
