4011873
4012162
4012336
4012424
4012537
4012916
4012954
4013052
4013144
4013191
4013345
4013351
4013434
4013525
4013624
4013793
4014254
4014433
4014494
4014505
4014725
4014790
4014842
4014848
4015026
4015072
4015174
4015201
4015236
4015398
4015479
4015564
4015575
4015760
4015905
4015946
4015950
4017163
4017466
4017971
4018048
4018071
4018097
4018155
4018211
4018307
4018343
4018559
4018653
4018966
4019051
4019493
4019544
4019605
4019696
4019764
4019918
4019978
4020075
4020089
4020119
4020143
4020161
4020353
4020713
4020771
4021022
4021087
4021101
4021158
4021623
4021687
4021956
4022033
4022091
4022368
4022526
4022911
4023118
4023276
4023709
4023809
4023830
4024000
4024022
4024029
4024682
4024930
4025136
4025453
4025477
4026072
4027093
4027621
4027686
4027979
4028120
4028123
4028212
4028266
