19128888
19129398
19129897
19130567
19131188
19131249
19131595
19132266
19132275
19133342
19133685
19134586
19134857
19134939
19135770
19135819
19136169
19137510
19137782
19138554
19140281
19141242
19141529
19141555
19141832
19143902
19144168
19144868
19145205
19145629
19146501
19148090
19148473
19149084
19149429
19151261
19151355
19151493
19154148
19155318
19156794
19157406
19158400
19158637
19159531
19160060
19160278
19160349
19160693
19163050
19164904
19165126
19165212
19165243
19165485
19166646
19167652
19167771
19167898
19167916
19168731
19169127
19169838
19172051
19172151
19174062
19174101
19174337
19175963
19176069
19176898
19178927
19180297
19181097
19182052
19183121
19183189
19183657
19183751
19185070
19185434
19185768
19186074
19186333
19186525
19186903
19189174
19189383
19189908
19190138
19190255
19191755
19192001
19192663
19193268
19193968
19195181
19195421
19195575
19196142
