1640820
1640992
1640998
1641058
1641417
1641422
1641444
1641498
1641792
1641983
1642066
1642306
1642575
1642826
1642928
1642946
1643023
1643105
1643138
1643174
1643321
1643376
1643388
1643421
1643625
1643639
1643901
1644061
1644129
1644377
1644604
1644631
1644939
1645081
1645253
1645585
1645656
1645665
1645684
1646076
1646101
1646126
1646176
1646310
1646475
1646980
1647095
1647252
1647417
1647447
1647553
1647581
1647671
1647880
1648003
1648035
1648054
1648668
1648749
1648959
1649012
1649090
1649150
1649171
1649360
1649411
1649671
1649754
1649763
1649765
1649774
1649944
1649956
1650093
1650153
1650722
1651745
1651956
1652177
1652442
1652686
1652722
1652733
1652807
1653077
1653118
1653231
1653389
1653399
1653413
1653511
1653558
1653756
1653831
1653853
1653882
1654064
1654106
1654396
