245119
245224
245343
245365
245486
245688
245801
245923
246007
246108
246137
246167
246206
246420
246474
246667
246888
246901
246919
247100
247183
247348
247676
247983
248202
248288
248511
248585
248642
248759
248809
248848
249047
249156
249287
249354
249464
249595
249603
249880
250001
250059
250162
250195
250208
250438
250544
250564
250706
250758
250777
251289
251355
251414
251581
251639
251702
251704
251736
251785
251826
251835
252061
252068
252110
252161
252458
252632
252637
252708
252754
252872
253027
253039
253061
253071
253141
253146
253149
253215
253333
253422
253488
253512
253548
253592
253691
253719
253730
253782
253899
254179
254279
254619
254981
254989
255112
255209
255273
255275
