3330001
3330149
3330262
3330313
3330322
3330393
3330423
3330505
3330971
3330985
3331021
3331158
3331521
3331552
3332026
3332274
3332546
3332647
3332721
3332742
3332819
3333013
3333026
3333074
3333371
3333439
3333483
3333511
3333635
3333747
3333941
3333946
3333978
3333992
3334005
3334051
3334063
3334113
3334196
3334207
3334303
3334454
3334469
3334643
3334719
3334759
3334788
3334893
3334950
3334978
3335101
3335228
3335247
3335316
3335335
3335459
3335620
3335668
3335961
3336180
3336396
3336496
3336518
3336922
3336978
3337074
3337247
3337516
3337607
3337680
3337780
3337892
3337932
3337973
3338002
3338154
3338263
3338353
3338421
3338931
3338951
3338988
3339335
3339397
3339443
3339491
3339684
3339687
3339763
3339780
3339892
3339899
3339916
3339924
3340013
3340141
3340440
3340702
3340897
3340995
