4318916
4318943
4319026
4319143
4319243
4319335
4319355
4319457
4319594
4319930
4319946
4319957
4319958
4319962
4320165
4320275
4320431
4320479
4320540
4320694
4320701
4320816
4320849
4320889
4320987
4321034
4321091
4321262
4321383
4321390
4321552
4321578
4321654
4321691
4321693
4321988
4322078
4322223
4322247
4322369
4322480
4323157
4323223
4323262
4323266
4323439
4323526
4323603
4323652
4324111
4324341
4324693
4324817
4324840
4324973
4324998
4325033
4325245
4325293
4325300
4325487
4325530
4325630
4325689
4325879
4325934
4326045
4326092
4326184
4326229
4326379
4326426
4326456
4326689
4326709
4326775
4326823
4327069
4327390
4327527
4327724
4327919
4327943
4327985
4328280
4328283
4328287
4328290
4328292
4328294
4328296
4328298
4328301
4328302
4328303
4328307
4328460
4328652
4328680
4328747
