7062942
7063186
7063765
7064371
7065187
7065640
7065874
7066074
7066841
7066949
7067101
7067729
7067740
7068124
7068344
7068664
7069354
7069448
7069860
7069864
7069868
7070022
7070386
7070438
7070745
7070833
7071155
7071434
7071642
7071937
7072271
7072424
7072735
7073377
7073867
7073947
7074161
7074410
7074636
7076513
7076576
7076639
7076726
7077089
7077273
7077710
7077884
7079294
7079679
7079848
7080435
7080706
7080728
7080740
7081257
7081524
7081705
7081954
7082485
7082774
7083165
7083232
7083436
7083684
7083823
7083935
7084047
7084315
7085094
7085398
7085597
7085611
7085714
7085800
7085932
7086005
7086721
7086917
7086948
7086993
7087007
7087257
7087648
7087917
7088393
7088434
7088590
7088863
7090241
7090469
7091189
7091318
7091489
7091849
7091879
7092133
7092247
7092283
7092475
7093207
