38700006
38700948
38701574
38702471
38706443
38711180
38711849
38712344
38713016
38713074
38714213
38714445
38715670
38716069
38716524
38719016
38719075
38719641
38720503
38721225
38721429
38722585
38722797
38723320
38725433
38725654
38726801
38731609
38735123
38738416
38739344
38739397
38750695
38752164
38752804
38754206
38756242
38758069
38759719
38760482
38761221
38761499
38763427
38763446
38763932
38764149
38765024
38765124
38765525
38765727
38767356
38769100
38769677
38769886
38770216
38770964
38770986
38771762
38772139
38778233
38778319
38779992
38782634
38783585
38784402
38785158
38785768
38787356
38788908
38790524
38791529
38795439
38795978
38796999
38798838
38800898
38802704
38803061
38803312
38804139
38805710
38806864
38809792
38810045
38810612
38810760
38811481
38814112
38814218
38816447
38816749
38816881
38817568
38817606
38817954
38818359
38819790
38821464
38825362
38828800
