23739275
23739468
23739925
23741406
23744731
23745088
23748088
23748362
23748404
23748792
23748916
23749587
23749625
23750746
23751013
23751384
23752097
23753162
23755868
23755897
23756716
23757410
23757765
23758122
23758567
23758877
23759913
23760553
23761609
23761845
23762050
23762933
23763429
23766400
23767921
23767970
23769291
23770319
23772894
23773951
23774716
23775067
23777275
23778663
23779432
23780051
23780560
23781474
23782049
23782584
23783245
23784743
23787575
23787995
23789657
23789798
23791619
23792304
23793081
23793689
23794556
23795692
23798721
23798965
23802934
23804685
23804714
23804847
23804855
23805139
23805672
23806310
23807198
23809598
23810220
23814238
23815345
23815618
23816680
23817193
23817612
23818634
23819011
23819145
23820445
23826312
23826511
23826647
23830101
23831009
23832240
23833949
23834282
23834773
23836142
23837530
23837691
23838439
23838889
23839365
