9681864
9682431
9682479
9682493
9682601
9682936
9683036
9683076
9683694
9683705
9683831
9684280
9684431
9684597
9684627
9684689
9684698
9684729
9685368
9685563
9685752
9686097
9686409
9686785
9686895
9686933
9687466
9687579
9687643
9687707
9687726
9688001
9688113
9688125
9688396
9688713
9688716
9690332
9690518
9691269
9692464
9692606
9692648
9692822
9692950
9693722
9693835
9693994
9696251
9696420
9697339
9697911
9698116
9698172
9698338
9698463
9699856
9700001
9700013
9700178
9701182
9701730
9701764
9702213
9702800
9703611
9703834
9703926
9704960
9705354
9705510
9705635
9705960
9706005
9706130
9706157
9706181
9706399
9706646
9706821
9706897
9706900
9707108
9707488
9708137
9708319
9709461
9709502
9709670
9709742
9710012
9710209
9710348
9710413
9710599
9711145
9711846
9713094
9713302
9713997
