16896249
16896614
16897014
16897537
16897638
16897678
16898265
16898368
16898635
16898690
16898889
16900646
16900794
16903431
16903616
16903826
16904082
16904185
16905962
16906629
16906909
16906985
16907597
16907789
16908983
16909085
16909205
16910612
16910960
16911230
16911368
16911473
16912558
16913714
16913871
16914105
16915408
16916658
16917415
16917714
16917737
16917755
16917883
16918057
16918468
16918870
16921816
16922379
16922757
16922761
16923101
16923491
16924844
16926093
16926427
16929864
16930103
16930863
16932284
16932519
16933093
16933215
16933875
16933993
16934066
16934393
16934450
16934572
16936163
16936194
16938241
16939126
16939138
16939262
16939375
16939545
16940094
16940265
16940595
16940604
16940830
16942111
16942458
16942542
16942957
16943020
16943760
16944681
16944759
16945252
16945334
16945400
16946236
16946662
16947786
16948036
16948380
16948926
16949424
16950125
