22220943
22221993
22222172
22222436
22222990
22223127
22223389
22223731
22223852
22224457
22224778
22225730
22226909
22226940
22227576
22228995
22230500
22230524
22231473
22232570
22233930
22234401
22235149
22236673
22236788
22237238
22237409
22238553
22239545
22240137
22240489
22240986
22241086
22241376
22242915
22243096
22243139
22243587
22243610
22246255
22246809
22247288
22249549
22250572
22254417
22254488
22254505
22254542
22255216
22255993
22256605
22256628
22257305
22257733
22259909
22260642
22260845
22261868
22261975
22262279
22264238
22264527
22264593
22265327
22265681
22266049
22266438
22266982
22267534
22268245
22268313
22268416
22268750
22269030
22269808
22269884
22270045
22271539
22272289
22272693
22272939
22273196
22273489
22275030
22275393
22276605
22276934
22277104
22277330
22277611
22279527
22281505
22282020
22283278
22283399
22283817
22285597
22286318
22286692
22287676
