5764045
5764439
5764537
5765099
5765170
5765324
5765661
5765721
5765931
5765959
5766187
5766440
5767056
5767067
5767113
5767247
5767288
5767333
5767458
5767516
5767717
5767825
5767943
5768063
5768183
5768223
5768294
5768367
5768505
5768613
5768931
5769182
5769282
5769334
5769521
5769571
5770125
5770169
5770197
5770239
5770423
5770995
5771193
5771483
5772278
5772342
5772379
5772661
5772748
5772940
5772966
5773002
5773006
5773024
5773045
5773064
5773359
5773523
5773665
5773780
5773931
5774102
5774619
5775555
5775639
5775766
5775806
5775891
5776096
5776165
5776412
5776424
5776627
5776764
5777133
5777563
5777797
5777830
5778577
5778750
5778865
5778905
5778958
5778965
5779052
5779194
5779357
5779400
5780016
5780357
5780483
5780645
5780671
5780884
5780958
5781042
5781351
5781426
5781492
5781623
