22764412
22766123
22768208
22768313
22768826
22769018
22769172
22770245
22770303
22774044
22774099
22774385
22776738
22778020
22783135
22783243
22785008
22787260
22787921
22788998
22789267
22791250
22792290
22792826
22793730
22796309
22797660
22798115
22798729
22799015
22803630
22805148
22805923
22806791
22806997
22807110
22807664
22808499
22808951
22809425
22809989
22811622
22813036
22813730
22813774
22814996
22816650
22818065
22819685
22820683
22821272
22821447
22821860
22823283
22824154
22824779
22825102
22825910
22826499
22826506
22827543
22829384
22830392
22831033
22832688
22832827
22834908
22835786
22835972
22836683
22837131
22837711
22838862
22839096
22839975
22840053
22840856
22842048
22842055
22842256
22842318
22842561
22842923
22843431
22843604
22844338
22844483
22845929
22846886
22846966
22847904
22848023
22849138
22850227
22850397
22851690
22852835
22852846
22853234
22853562
