9821445
9821481
9821957
9821981
9822230
9822543
9822843
9823253
9823320
9823765
9823768
9823963
9824155
9824997
9825497
9825948
9826267
9826664
9827413
9827427
9828436
9828470
9829052
9829115
9829966
9830408
9831032
9833138
9833443
9833955
9834072
9834245
9834280
9834743
9834744
9834903
9835015
9836058
9836264
9837118
9837191
9837281
9837522
9837660
9837755
9837883
9837931
9838194
9838407
9839382
9840220
9840431
9841439
9841492
9841683
9841763
9842205
9842623
9842647
9842754
9843284
9843410
9843643
9844373
9844425
9844497
9844908
9844966
9846141
9846677
9846690
9846726
9847091
9847406
9847472
9847728
9847736
9848284
9848462
9848555
9848572
9849125
9849348
9849496
9850168
9850529
9850770
9850837
9851417
9851672
9851855
9852157
9852244
9852844
9854077
9854268
9854317
9855412
9856683
9857087
