6398236
6398392
6398511
6399253
6399997
6400383
6400595
6401394
6401781
6402289
6402604
6402821
6403606
6403750
6404021
6404141
6404698
6404865
6405241
6407036
6407188
6407948
6408400
6408438
6408775
6409681
6409988
6410023
6411198
6411344
6412551
6413231
6414443
6414528
6415013
6415776
6415856
6418006
6418339
6418652
6418653
6418962
6420098
6420260
6420435
6420876
6421366
6421685
6422398
6422449
6422927
6423134
6423541
6423972
6424579
6424863
6426092
6426104
6426326
6426542
6426926
6427894
6428795
6429131
6429736
6429912
6429966
6431561
6432486
6432949
6433257
6434169
6434568
6434623
6434851
6434932
6435205
6435657
6435684
6435854
6435865
6435873
6436091
6436196
6436223
6436256
6437009
6437335
6437963
6438953
6438973
6440759
6440837
6441146
6441467
6441606
6442247
6442493
6443020
6443107
