1554424
1554426
1554449
1554616
1554618
1554720
1554725
1554784
1554788
1554895
1554905
1554935
1554951
1555200
1555458
1555540
1555590
1555675
1555689
1555758
1555788
1555857
1556042
1556197
1556226
1556277
1556536
1556638
1556730
1556774
1556903
1556963
1557077
1557144
1557163
1557472
1557487
1557789
1557835
1557839
1557888
1557914
1557940
1557942
1557976
1557994
1557999
1558199
1558201
1558218
1558307
1558325
1558543
1558564
1558685
1558720
1558736
1558987
1558999
1559280
1559536
1559930
1559982
1560137
1560261
1560310
1560474
1560497
1560520
1560564
1560637
1560737
1560775
1560825
1560845
1560958
1561007
1561057
1561085
1561263
1561290
1561296
1561298
1561311
1561354
1561355
1561363
1561472
1561478
1561479
1561529
1561543
1561609
1561621
1561890
1561908
1562022
1562168
1562562
1562570
