14706868
14707501
14707728
14708176
14708848
14709850
14711146
14711737
14711843
14713107
14713176
14713247
14713423
14713492
14713941
14715088
14715256
14715260
14715301
14715810
14715966
14716735
14716960
14717033
14717146
14717288
14718179
14718189
14718338
14718354
14720193
14722700
14724451
14725005
14725692
14725910
14726614
14729172
14729448
14730389
14732508
14733361
14734401
14734667
14736932
14737175
14737297
14737355
14737528
14738190
14738737
14739069
14740620
14741841
14742038
14742880
14743416
14743651
14745213
14745436
14745518
14745860
14746955
14747034
14747123
14748669
14749648
14749781
14752079
14752254
14754110
14754332
14754677
14757332
14758573
14758996
14760463
14761420
14762639
14763451
14764249
14764982
14766032
14766056
14767901
14768302
14768587
14769114
14769465
14772167
14772368
14772797
14773195
14773225
14773305
14774352
14775178
14776827
14776861
14777202
