3788332
3788516
3788849
3788894
3788975
3789083
3789951
3790440
3790526
3790781
3791095
3791283
3791326
3791557
3791847
3791914
3791923
3792144
3792402
3792899
3792960
3794033
3794106
3794167
3794235
3794319
3794636
3794726
3794753
3794769
3795100
3795194
3795195
3795324
3795605
3795746
3795879
3795939
3796256
3796291
3796683
3796705
3797062
3797154
3797586
3797752
3798196
3798292
3798736
3799325
3799698
3799984
3799992
3800024
3800086
3800177
3800291
3800671
3801342
3801362
3801600
3801630
3801740
3801953
3801971
3802298
3802320
3802398
3802423
3802556
3802597
3802780
3802838
3802910
3803331
3803395
3803635
3803744
3803804
3803929
3804057
3804115
3804149
3804222
3804420
3804428
3804451
3804537
3804615
3804876
3804991
3805028
3805083
3805180
3805791
3805880
3806266
3806389
3806759
3806786
