4379044
4379194
4379248
4379257
4379609
4379611
4379762
4379811
4380271
4380851
4381545
4381852
4381898
4382029
4382458
4382844
4382938
4383168
4383585
4383990
4384088
4384331
4384509
4384567
4384623
4384714
4384861
4384923
4385514
4385623
4385700
4385736
4385986
4386097
4386392
4386668
4386880
4387164
4387221
4387251
4387252
4387255
4387265
4387266
4387267
4387268
4387270
4387273
4387274
4387275
4387276
4387301
4387309
4387323
4387348
4387605
4387652
4387653
4387706
4387732
4387891
4388025
4388118
4388698
4388763
4389214
4389281
4389435
4389709
4390128
4390170
4390601
4390707
4391338
4391362
4391469
4391724
4391868
4391930
4392309
4392368
4392548
4392647
4392836
4393592
4393867
4394330
4394689
4395050
4395158
4395369
4395644
4396051
4396622
4397016
4397461
4397932
4397975
4398671
4398683
