2232639
2232758
2232796
2232880
2232941
2233125
2233155
2233651
2233817
2233899
2233946
2234210
2234278
2234290
2234411
2234665
2234690
2234695
2235031
2235166
2235179
2235586
2235902
2235907
2236641
2237043
2237068
2237169
2237193
2237263
2237407
2237775
2237840
2237886
2238127
2238181
2238273
2238292
2238353
2238404
2238412
2238436
2238858
2239473
2239631
2239791
2240054
2240416
2240493
2240526
2240590
2240599
2240922
2241124
2241150
2241219
2241242
2241251
2241435
2241510
2241631
2241678
2241818
2242125
2242190
2242275
2242470
2242510
2242527
2242633
2242730
2242866
2243215
2243381
2243477
2243481
2243615
2243665
2243698
2243699
2243777
2243899
2243995
2244050
2244266
2244287
2244455
2244789
2244837
2244972
2245028
2245046
2245052
2245275
2245377
2245681
2245895
2245956
2246056
2246148
