7117981
7117986
7118731
7119098
7119280
7119740
7120134
7120191
7120310
7120317
7120671
7120792
7120877
7120981
7121066
7121476
7121658
7121952
7122241
7122412
7122643
7122874
7122899
7122946
7122982
7123306
7123842
7123895
7124112
7124133
7124147
7124253
7124654
7124753
7124955
7125127
7125355
7125569
7125685
7125990
7126070
7126269
7126278
7126332
7126530
7126953
7127003
7127184
7127345
7127515
7127955
7127984
7128355
7128990
7129014
7129020
7129381
7129773
7130364
7130461
7132017
7132108
7132394
7132863
7132868
7132888
7132991
7133031
7133088
7133598
7133676
7133799
7134002
7134033
7134070
7134975
7135145
7135518
7135525
7135555
7136718
7136999
7137224
7137593
7137620
7137966
7138179
7138279
7138523
7138850
7138977
7139302
7139443
7139488
7139955
7140216
7140854
7140948
7141024
7141217
