24260913
24261498
24262939
24263039
24265327
24266164
24268309
24268617
24269443
24269983
24270043
24276023
24276147
24276410
24278548
24280192
24281463
24281618
24283017
24283555
24283629
24283922
24287228
24287919
24288161
24290603
24291797
24292727
24293118
24295542
24295553
24296559
24298611
24299090
24300392
24302658
24303393
24304079
24304188
24304677
24305336
24307008
24310081
24310396
24310526
24313778
24313807
24313950
24314434
24314894
24315310
24315315
24315319
24316038
24316317
24316923
24318203
24320469
24321008
24323347
24324124
24324374
24328580
24329184
24329387
24331385
24332249
24333495
24335396
24336274
24338053
24338111
24338244
24339400
24340116
24340197
24342078
24342264
24342934
24344346
24344563
24345286
24349670
24350797
24350889
24351460
24351793
24355925
24357415
24360179
24360257
24361374
24361686
24362659
24363884
24364435
24364530
24364577
24365374
24367313
