7249506
7249610
7249786
7250675
7251272
7251311
7251456
7251922
7252058
7252113
7252302
7252326
7252512
7253274
7253276
7253738
7254536
7254747
7255198
7255276
7255318
7255335
7255818
7255986
7256343
7256767
7257421
7257427
7258192
7258329
7258521
7259255
7259337
7259885
7259904
7259986
7260167
7260680
7261017
7261072
7261176
7261317
7261717
7261853
7261982
7262292
7263487
7264057
7264097
7264138
7264641
7264746
7264748
7264778
7264959
7265219
7265815
7265835
7266012
7266059
7266368
7266521
7266539
7266770
7267334
7268315
7269754
7269842
7269870
7269909
7270001
7270156
7270727
7270768
7270987
7271009
7271095
7271313
7271396
7271601
7271623
7271676
7271891
7272243
7272380
7272403
7272490
7272511
7272690
7273484
7273761
7273860
7274390
7274436
7274455
7274486
7274734
7274938
7275347
7275366
