2876964
2877031
2877178
2877209
2877453
2877604
2877678
2877714
2877919
2877943
2878061
2878068
2878105
2878135
2878235
2878328
2878735
2878976
2879058
2879625
2879638
2879847
2879986
2880047
2880215
2880242
2880455
2880522
2880612
2880730
2880758
2880845
2880912
2880963
2880970
2881115
2881520
2881572
2881809
2881911
2882210
2882355
2882513
2882557
2882612
2882672
2882696
2882893
2883009
2883034
2883124
2883265
2883336
2883350
2883382
2883450
2883627
2883717
2883724
2883726
2883733
2883744
2883788
2883791
2884007
2884062
2884099
2884239
2884494
2884698
2884897
2885054
2886066
2886229
2886533
2886640
2886645
2886647
2886671
2886693
2886703
2886819
2887082
2887109
2887406
2887446
2887579
2887847
2887944
2888008
2888182
2888319
2888609
2888663
2888788
2888942
2889007
2889352
2890123
