122998
123075
123081
123086
123293
123475
123522
123545
123590
123716
123810
123826
123873
124050
124157
124180
124181
124278
124477
124578
124995
125008
125057
125238
125253
125257
125302
125312
125513
125761
125765
125873
125983
125995
126031
126085
126153
126262
126266
126342
126351
126390
126596
126664
126729
126796
126823
126888
126905
126995
127008
127058
127078
127399
127468
127556
127585
127588
127597
127602
127893
127928
128049
128091
128217
128271
128299
128380
128404
128497
128532
128591
128608
128666
128762
129025
129039
129061
129184
129245
129253
129317
129368
129369
129388
129392
129448
129681
129682
129702
129722
129789
129821
129939
129996
130084
130107
130167
130229
130232
