17487794
17487821
17489591
17490155
17491643
17492335
17492771
17492809
17492875
17493141
17493541
17493789
17494528
17495021
17495124
17496290
17496989
17497096
17497202
17497428
17498622
17498853
17499128
17499697
17500801
17500856
17501056
17501320
17502126
17505182
17506716
17510837
17510952
17511793
17511968
17512330
17512697
17513220
17513226
17513254
17514623
17517240
17518284
17520735
17521538
17522175
17522836
17523159
17523389
17524234
17524519
17525658
17525828
17526051
17526584
17527900
17527977
17528785
17528987
17529333
17531508
17532345
17532828
17533163
17533777
17533921
17533959
17535126
17535342
17535354
17535386
17536192
17537065
17537210
17538383
17538979
17538985
17539625
17539629
17540013
17540543
17540573
17541346
17542094
17542139
17544385
17545793
17546291
17548412
17549548
17550218
17551955
17552219
17552742
17552790
17552931
17553238
17553562
17553774
17556152
