28526803
28526901
28528959
28531699
28531894
28533665
28534896
28535411
28538135
28539956
28541947
28543358
28544176
28544344
28544519
28545995
28546345
28547500
28547777
28548762
28549357
28550249
28551902
28552071
28552972
28554012
28555478
28558410
28558514
28559620
28561073
28562782
28563623
28563825
28563918
28564649
28564782
28566315
28567073
28567515
28567686
28568143
28568221
28568672
28570599
28574384
28574963
28575064
28577909
28580166
28582584
28583330
28587943
28588002
28590852
28591352
28592228
28600567
28601185
28602135
28602820
28605821
28608686
28609882
28614045
28614263
28614392
28614626
28618504
28619446
28622382
28623316
28624732
28627425
28627954
28628349
28630147
28632933
28633653
28634935
28635140
28635374
28637932
28639394
28640052
28640091
28640802
28641178
28641881
28642109
28644219
28645358
28645666
28645795
28646001
28646078
28646118
28646984
28650460
28650962
