1144754
1144899
1145048
1145443
1145518
1145611
1145796
1145838
1146708
1146993
1147046
1147100
1147303
1147381
1147516
1147618
1147747
1147841
1147938
1148193
1148309
1148444
1148487
1148490
1148611
1148622
1148730
1148872
1148876
1149208
1149293
1149348
1149412
1149537
1149700
1149717
1149718
1149803
1150022
1150397
1150474
1150604
1150606
1150670
1150940
1150955
1150966
1151157
1151206
1151219
1151232
1151240
1151242
1151354
1151361
1151364
1151430
1151456
1151567
1151626
1151822
1151930
1152022
1152072
1152144
1152152
1152177
1152210
1152309
1152675
1152758
1153103
1153124
1153165
1153174
1153256
1153286
1153515
1153584
1153629
1153728
1153729
1153790
1153833
1153856
1153898
1153973
1154013
1154467
1154479
1154510
1154528
1154621
1154758
1154782
1154858
1154918
1154927
1155120
1155122
