9226954
9228696
9228741
9229751
9230547
9230582
9230784
9230807
9231051
9231186
9231434
9231596
9231715
9231912
9233100
9233724
9234225
9236599
9237047
9240049
9240332
9240340
9240867
9241189
9241833
9242744
9243167
9243228
9243825
9243953
9243957
9244414
9244672
9244934
9245382
9245469
9245612
9245650
9245899
9246792
9246973
9247299
9247438
9247529
9247718
9247739
9248009
9248122
9248625
9248865
9248933
9249082
9249690
9249777
9249804
9251116
9251143
9251285
9251347
9251426
9251647
9251744
9251848
9252031
9253195
9253630
9254412
9254998
9255222
9255373
9255424
9255673
9255987
9256393
9256939
9258485
9259125
9259511
9260114
9261420
9262282
9262307
9262801
9263483
9265263
9265692
9265723
9265935
9266097
9266283
9266897
9266972
9266993
9267508
9267524
9267548
9267729
9267766
9267823
9267979
