2191045
2191070
2191113
2191324
2191330
2191334
2191343
2191387
2191390
2191404
2191412
2191476
2191686
2192002
2192062
2192094
2192140
2192222
2192230
2192422
2192858
2192914
2192969
2193244
2193273
2193407
2193451
2193481
2193531
2193652
2193885
2193971
2194269
2194443
2194463
2194469
2194513
2194561
2194767
2194783
2195070
2195441
2195519
2195589
2196006
2196019
2196033
2196075
2196244
2196271
2196296
2196302
2196383
2196652
2196712
2196755
2197148
2197300
2197406
2197544
2197618
2198130
2198193
2198436
2198527
2198721
2198772
2198773
2199111
2199116
2199281
2199295
2199338
2199745
2199849
2199957
2200292
2200692
2200947
2200974
2201197
2201617
2201677
2201736
2201756
2202205
2202239
2202398
2202417
2202658
2202806
2202848
2202896
2202980
2203038
2203201
2203655
2203696
2203697
2203754
