23534714
23534869
23535028
23535097
23535212
23535283
23536091
23536472
23537170
23538148
23538323
23538919
23540141
23540189
23541294
23542555
23544431
23544432
23544720
23545838
23546060
23546450
23547733
23547976
23548459
23549892
23552103
23552381
23552457
23553270
23554008
23554471
23554970
23556343
23556610
23556726
23557575
23558619
23558790
23559275
23559400
23560301
23560516
23560976
23561572
23562076
23562264
23563653
23569191
23569643
23569671
23570819
23570934
23571904
23572357
23575495
23575847
23576536
23576850
23577866
23578127
23581694
23581765
23581771
23584256
23584635
23584670
23585141
23585418
23586470
23586781
23586828
23588138
23590360
23593112
23593520
23595619
23595945
23597446
23598413
23598554
23598563
23600082
23600212
23601125
23603747
23603940
23605066
23605236
23605598
23606296
23608571
23609001
23609011
23609972
23610096
23610107
23610670
23614814
23616987
