1285200
1285218
1285262
1285285
1285302
1285406
1285584
1285674
1285728
1285831
1285911
1286074
1286078
1286136
1286225
1286453
1286547
1286649
1286653
1286718
1286766
1286801
1286947
1286979
1287117
1287172
1287180
1287191
1287201
1287269
1287315
1287447
1287482
1287540
1287696
1287711
1287788
1287873
1288125
1288289
1288351
1288365
1288471
1288576
1288591
1288646
1288757
1288819
1288822
1288871
1288876
1288972
1289001
1289124
1289201
1289223
1289668
1289703
1289742
1290247
1290325
1290367
1290527
1290775
1290977
1291012
1291071
1291173
1291237
1291314
1291344
1291484
1291529
1291681
1291692
1291724
1291770
1291898
1291915
1291917
1292186
1292204
1292276
1292282
1292458
1292480
1292612
1292629
1292720
1292755
1292902
1293022
1293042
1293108
1293192
1293266
1293316
1293334
1293377
1293402
