3647801
3648009
3648157
3648300
3648403
3648539
3648582
3648604
3649508
3649797
3649860
3650159
3650262
3650310
3650376
3650639
3650887
3651035
3651594
3651634
3651754
3651782
3652054
3652412
3652520
3652968
3652980
3653505
3654065
3654108
3654290
3654325
3654678
3654796
3654931
3654986
3655006
3655061
3655331
3655557
3655686
3655732
3655826
3655855
3655876
3656645
3657229
3657565
3657909
3658419
3658525
3658712
3658792
3659170
3659381
3659514
3659609
3659656
3659746
3659765
3659923
3660040
3660162
3660192
3660227
3660293
3660373
3660404
3660720
3660808
3660832
3660855
3661935
3662107
3662125
3662316
3662607
3663280
3663595
3663720
3663829
3664339
3664377
3664560
3664694
3664741
3664804
3664909
3664914
3665062
3665345
3665573
3665841
3665878
3665882
3666103
3666107
3666212
3666277
