5229386
5229549
5229937
5230004
5230033
5230065
5230165
5230498
5230521
5230558
5230585
5230710
5230936
5231137
5231237
5231298
5231417
5231462
5231504
5231505
5231564
5231721
5231735
5231934
5231999
5232012
5232286
5232473
5232529
5232534
5232655
5232697
5233054
5233218
5233384
5233418
5233787
5233812
5233877
5234057
5234176
5234280
5234305
5235209
5235219
5235292
5235494
5235615
5236404
5236437
5236518
5236949
5237003
5237073
5237122
5237184
5237245
5237292
5237803
5237997
5238063
5238168
5238541
5238550
5238614
5238926
5238976
5239492
5240075
5240137
5240205
5240229
5240370
5240487
5240509
5240597
5240627
5240704
5241122
5241127
5241158
5241263
5241345
5241456
5241475
5241644
5241714
5241938
5242198
5242232
5242282
5242309
5242338
5242354
5242679
5242899
5243034
5243073
5243129
5243374
