25403317
25414752
25418915
25419854
25423178
25423307
25423392
25436112
25436176
25437981
25438229
25444243
25469018
25470474
25472131
25472314
25472657
25473074
25473571
25475391
25475899
25476699
25476895
25477633
25477915
25481218
25481867
25482882
25483092
25483853
25485807
25485838
25486199
25487032
25490288
25492176
25493107
25499682
25499683
25502028
25502906
25504012
25505435
25505444
25505735
25506242
25506391
25507581
25508459
25509752
25510392
25510442
25513668
25515309
25515874
25518483
25520974
25520992
25521351
25521876
25522449
25523802
25524331
25524521
25525377
25525633
25526453
25527000
25527404
25527614
25528980
25529108
25530872
25531099
25531683
25532570
25532667
25532694
25532776
25532947
25533634
25533982
25539287
25539533
25541326
25541693
25541922
25545237
25546881
25548684
25549356
25549602
25549789
25549952
25550348
25550685
25551897
25552715
25555119
25555818
