1034584
1034857
1035058
1035260
1035329
1035416
1035434
1035534
1035558
1035616
1035783
1036177
1036186
1036347
1036367
1036408
1036432
1036493
1036650
1036684
1036769
1036893
1037084
1037265
1037547
1037651
1037689
1037825
1037987
1038095
1038513
1038609
1038626
1038780
1038844
1038976
1039192
1039231
1039309
1039500
1039658
1039904
1039955
1040285
1040539
1040622
1040633
1040639
1040852
1041074
1041086
1041209
1041255
1041261
1041483
1041498
1041526
1041539
1041596
1041615
1041618
1041658
1041821
1041843
1041975
1041981
1042173
1042258
1042315
1042330
1042359
1042486
1042525
1042561
1042766
1042891
1042994
1043191
1043211
1043228
1043278
1043355
1043424
1043542
1043682
1043824
1043921
1043932
1043986
1044119
1044405
1044407
1044502
1044537
1044572
1044643
1044644
1044716
1044763
