1009462
1009501
1009503
1009526
1009622
1009942
1009945
1009960
1009964
1010256
1010375
1010380
1010450
1010459
1010502
1010541
1010673
1010697
1010891
1010900
1010958
1010975
1010977
1011135
1011245
1011380
1011484
1011670
1011693
1011722
1011730
1011748
1011994
1012012
1012076
1012078
1012092
1012112
1012199
1012213
1012233
1012278
1012307
1012388
1012396
1012423
1012528
1012714
1012870
1012926
1012946
1013401
1013563
1013727
1013731
1013752
1013780
1013908
1014166
1014240
1014242
1014255
1014383
1014503
1014549
1014754
1014821
1014845
1014963
1014973
1015035
1015053
1015221
1015287
1015316
1015342
1015350
1015381
1015410
1015487
1015559
1015778
1015800
1015903
1015906
1015962
1016009
1016036
1016362
1016401
1016579
1016719
1016782
1016848
1016897
1017017
1017041
1017057
1017183
1017211
