775929
776016
776051
776054
776122
776150
776243
776281
776285
776441
776503
776600
777183
777245
777262
777369
777397
777555
777556
777753
777850
777924
778229
778299
778377
778465
778516
778521
778738
778740
778880
779029
779127
779131
779170
779459
779533
779575
779589
780194
780208
780379
780442
780591
780695
780761
780801
780808
780838
781102
781228
781287
781310
781488
782203
782328
782361
782362
782461
782643
782756
782765
782849
782852
782923
782951
782997
783046
783111
783170
783186
783200
783279
783284
783314
783347
783382
783493
783612
783621
783626
783639
783655
783687
783706
783750
783765
783833
783835
783876
783996
784000
784047
784091
784155
784206
784237
784369
784431
784467
