18933245
18933765
18935319
18935622
18935700
18936131
18938056
18939460
18939730
18940034
18940197
18941147
18941174
18944405
18944747
18944842
18945316
18945350
18945514
18945686
18946660
18947235
18947571
18948869
18949323
18951037
18951257
18951331
18951494
18951495
18951703
18952553
18952638
18953260
18954306
18954606
18955540
18955663
18956100
18956806
18959255
18961929
18962895
18963847
18963895
18964196
18964395
18966187
18966294
18968115
18968648
18969515
18969640
18970808
18971049
18971144
18971981
18973461
18973551
18973812
18973870
18974711
18975226
18975240
18975688
18975746
18975776
18976922
18977332
18977384
18977994
18978066
18978098
18978671
18978974
18979813
18980041
18980154
18980804
18980824
18981176
18981640
18983132
18983678
18983756
18983889
18984441
18985472
18985519
18985931
18987239
18987792
18988052
18988231
18988719
18989288
18989949
18990304
18990408
18990994
