3826682
3826800
3826971
3827076
3827304
3827508
3827678
3827734
3827822
3827841
3827914
3827947
3828012
3828424
3828427
3828661
3828704
3828731
3828839
3828881
3828902
3828938
3829121
3829287
3829316
3829437
3829594
3829694
3829754
3830877
3830923
3831001
3831122
3831359
3831630
3831806
3831950
3832075
3832374
3832584
3832594
3832687
3832717
3832738
3832741
3832833
3832962
3833232
3833948
3834118
3834420
3834947
3835344
3835376
3835418
3835552
3835608
3835698
3835702
3835734
3835879
3835959
3836262
3836345
3836352
3836500
3836604
3836781
3836848
3836851
3836929
3836991
3837071
3837196
3837312
3837508
3837660
3837991
3838043
3838389
3838507
3838523
3838810
3838838
3839010
3839073
3839157
3839204
3839253
3839532
3839740
3839755
3839947
3840061
3840298
3840391
3840564
3840681
3840733
3840825
