950022
950126
950142
950257
950514
950721
951095
951096
951142
951230
951457
951596
951639
951742
951767
951820
951886
951934
952034
952118
952436
952448
952470
952481
952575
952810
952851
952929
952945
952957
953007
953079
953203
953245
953279
953281
953294
953540
953643
953708
953884
953921
953941
954023
954098
954113
954151
954288
954290
954295
954339
954352
954433
954434
954437
954500
954552
954587
954672
954733
954812
954819
954908
954909
955038
955207
955320
955463
955470
955479
955482
955529
955555
955569
955591
955641
955972
956141
956176
956282
956777
956804
956857
956928
957053
957114
957174
957308
957383
957395
957418
957506
957550
957590
957634
957708
957717
957774
957806
957848
