9268501
9268885
9268926
9269043
9269111
9269308
9269805
9269893
9270205
9270393
9270837
9270868
9271028
9271130
9271181
9271655
9271866
9271926
9271932
9272166
9272287
9272427
9272476
9273157
9273275
9273511
9273609
9274251
9274790
9275236
9275465
9275574
9276407
9276531
9276807
9277090
9277149
9277161
9277323
9277347
9277723
9277869
9277965
9278016
9278502
9278818
9280030
9280385
9280499
9280738
9281255
9281735
9281934
9282430
9282809
9283069
9283573
9284106
9286319
9286399
9286934
9288066
9289777
9290131
9290230
9290458
9291216
9291678
9292075
9292366
9292730
9292733
9292738
9292780
9293024
9293627
9294248
9294515
9294611
9295637
9296228
9296626
9296638
9297166
9297292
9297412
9297501
9297822
9297900
9297908
9297936
9298184
9298291
9298481
9298513
9298981
9299141
9299244
9299278
9299347
