6585529
6586026
6586082
6588109
6589758
6590497
6591054
6591254
6591407
6591419
6591650
6592300
6592488
6592887
6592980
6593238
6593332
6593580
6594229
6594343
6594599
6594777
6594877
6595192
6595232
6595722
6595941
6596139
6596661
6597053
6598659
6598763
6598859
6599625
6600103
6600352
6601008
6602279
6602338
6602490
6602941
6603759
6605955
6606765
6606782
6607268
6608292
6608800
6609117
6610066
6610251
6610433
6610920
6612660
6612679
6612702
6612840
6612857
6613297
6613632
6614137
6614484
6614860
6615186
6615252
6616018
6616377
6617368
6617455
6618037
6618130
6618321
6619021
6619155
6619454
6621455
6622098
6622789
6622820
6624412
6624676
6624745
6625036
6625975
6626582
6626962
6627103
6627124
6627237
6627521
6627806
6628157
6628413
6628464
6628510
6628599
6629268
6629844
6630259
6630308
