1753168
1753169
1753177
1753204
1753367
1753391
1753471
1753489
1753608
1754057
1754155
1754210
1754250
1754280
1754300
1754568
1754689
1754829
1754953
1755027
1755161
1755262
1755525
1755905
1755988
1756169
1756188
1756436
1756654
1757025
1757121
1757167
1757235
1757264
1757405
1757434
1757509
1757839
1757847
1757869
1757911
1757914
1758105
1758313
1758411
1758432
1758530
1758752
1758753
1758756
1758792
1758892
1759028
1759177
1759242
1759275
1759444
1759692
1759732
1760169
1760207
1760479
1760512
1760640
1761223
1761296
1761359
1761435
1761533
1761703
1761732
1761765
1761810
1762011
1762020
1762088
1762326
1762363
1762473
1762534
1762561
1762613
1762934
1763076
1763336
1763378
1763433
1763480
1763586
1763651
1763807
1764146
1764173
1764232
1764353
1764447
1764599
1764688
1764706
1764742
