20999455
20999913
21000932
21002210
21002215
21002781
21005303
21005327
21005676
21006474
21006728
21007114
21008693
21009252
21009271
21010635
21013662
21013697
21013878
21014657
21014681
21014755
21015083
21015571
21016174
21018018
21018429
21018463
21018996
21019828
21020146
21021571
21022304
21022973
21023178
21023839
21024192
21024666
21025758
21025875
21026952
21028125
21028959
21029042
21032779
21033092
21033716
21034069
21034454
21034469
21034920
21036563
21037877
21038160
21038801
21039163
21039335
21040071
21040900
21041147
21041517
21041911
21042005
21042284
21042292
21042528
21043220
21043699
21046702
21046754
21047113
21047574
21047621
21047982
21048226
21048510
21050512
21050648
21050754
21051003
21051488
21051970
21052235
21052823
21052896
21053208
21054082
21054437
21054492
21055347
21057261
21062887
21063584
21064412
21064551
21069705
21069740
21070148
21070689
21070880
