36366751
36369251
36372680
36373061
36376461
36378017
36378487
36379745
36379945
36386492
36388312
36391539
36391729
36392257
36393846
36394631
36397824
36403101
36404951
36406456
36406804
36410033
36410547
36415361
36416017
36420048
36421658
36422459
36428036
36428042
36428948
36431136
36431930
36436407
36436443
36436969
36438115
36442542
36442697
36443425
36445017
36447570
36450541
36453622
36460241
36460586
36463381
36465400
36466544
36466595
36466662
36466905
36467923
36469171
36473148
36473263
36474803
36475305
36475327
36475376
36475447
36475464
36475617
36477085
36477367
36484573
36488934
36492667
36494852
36495246
36495761
36499961
36503210
36504008
36505426
36506349
36506368
36506392
36507764
36509940
36514279
36516845
36520840
36524905
36524913
36525386
36526016
36526744
36528765
36532663
36532912
36534993
36535381
36536626
36537164
36537752
36538555
36539978
36540208
36544328
