5006885
5007240
5007280
5007394
5007446
5007828
5008212
5008249
5008502
5008515
5008970
5008997
5009223
5009305
5009331
5009404
5009509
5009691
5009763
5009764
5009790
5009999
5010062
5010175
5010248
5010779
5011158
5011408
5011514
5011566
5011586
5011717
5011778
5012068
5012297
5012415
5012543
5012595
5012665
5012721
5012889
5012963
5013011
5013214
5013530
5013743
5014076
5014081
5014100
5014128
5014166
5014261
5014348
5014416
5014500
5014515
5014554
5014580
5014713
5014765
5014937
5015236
5015331
5015535
5015636
5015754
5015878
5015894
5016084
5016903
5016936
5016987
5017100
5017128
5017532
5017958
5017962
5018282
5019914
5020069
5020227
5020245
5020442
5020470
5020492
5020687
5020735
5021007
5021016
5021095
5021106
5021206
5021389
5021475
5021479
5022308
5022928
5023029
5023198
5023273
