12939476
12940461
12941362
12941984
12942385
12942406
12942445
12942586
12942617
12942795
12943852
12943942
12944262
12944676
12945901
12945907
12946129
12947105
12947346
12947964
12948132
12948885
12950153
12950251
12950989
12951412
12951618
12952411
12953588
12955006
12955095
12955510
12955886
12956575
12956857
12957113
12957910
12957955
12958350
12958955
12960984
12961242
12961560
12961584
12961989
12962285
12963855
12964687
12964892
12965472
12966028
12967142
12967447
12968557
12968957
12969318
12969413
12970219
12970643
12970975
12971099
12973089
12973215
12973615
12973951
12974085
12974089
12974571
12974775
12974878
12975779
12976155
12976613
12977059
12977094
12977846
12978095
12978227
12978999
12979006
12979426
12979691
12980024
12981311
12981414
12981443
12981933
12982540
12983447
12984008
12984128
12984242
12984310
12985086
12985373
12985881
12986430
12987210
12987679
12987727
