7708353
7708474
7708782
7709003
7709182
7709301
7709321
7709448
7709462
7709474
7709514
7709535
7709699
7710342
7710384
7710653
7710654
7710666
7710757
7710998
7711039
7711182
7711233
7711573
7711667
7712205
7712438
7712740
7712794
7712838
7712869
7713039
7713068
7713088
7713525
7713671
7713825
7713903
7714128
7714180
7714379
7714557
7714616
7714890
7714961
7715377
7716171
7716421
7716751
7717103
7717684
7718350
7718487
7718524
7719098
7719214
7720248
7720966
7721058
7721405
7721616
7721701
7721766
7721978
7722031
7722194
7722733
7722896
7723290
7723496
7723654
7724359
7724634
7724986
7725084
7725328
7725380
7725452
7725751
7726109
7726658
7726689
7726699
7727063
7727874
7728201
7728284
7728565
7728573
7728910
7729240
7729369
7729386
7729670
7729672
7729781
7729967
7730011
7730174
7730375
