1083090
1083198
1083230
1083272
1083389
1083438
1083855
1083889
1084213
1084339
1084557
1084970
1085032
1085073
1085082
1085135
1085150
1085159
1085180
1085315
1085336
1085425
1085488
1085568
1085672
1085748
1085759
1085794
1085797
1086004
1086053
1086087
1086111
1086222
1086272
1086346
1086669
1086720
1086805
1087140
1087623
1087678
1087755
1087865
1088245
1088296
1088330
1088435
1088442
1088516
1088569
1088595
1088757
1088813
1088839
1088909
1088959
1089128
1089218
1089223
1089400
1089414
1089435
1089630
1089662
1089679
1089844
1089998
1090022
1090221
1090244
1090259
1090425
1090514
1090614
1090618
1090620
1090790
1090840
1090996
1091059
1091486
1091499
1091504
1091514
1091557
1091597
1091831
1091872
1091981
1091993
1092091
1092130
1092264
1092330
1092367
1092423
1092429
1092468
1092477
