20092206
20093019
20093387
20094219
20094570
20094838
20096233
20096917
20097783
20098509
20099806
20100129
20100609
20100843
20100863
20101161
20101961
20104530
20105193
20107907
20108748
20111130
20111758
20112105
20112422
20113042
20114327
20116526
20117147
20118138
20120002
20120866
20121148
20124613
20124655
20125389
20125925
20126244
20126979
20127524
20128565
20129170
20129410
20130814
20130994
20131651
20132057
20134161
20134294
20134627
20135246
20135308
20136057
20136374
20136427
20136720
20138879
20138895
20142163
20142445
20142636
20142889
20143177
20143208
20144316
20145341
20146112
20146321
20146883
20147212
20147507
20147799
20147895
20148987
20152845
20153795
20155123
20155552
20156232
20156247
20158772
20159096
20159277
20160522
20162983
20163045
20165189
20165420
20166304
20166305
20166599
20167457
20167707
20168628
20169514
20169795
20171015
20171809
20172096
20172707
