278339
278366
278416
278467
278477
278607
278612
278701
278801
278811
278930
278938
279206
279240
279340
279596
279604
279845
279922
280033
280237
280582
281195
281301
281315
281355
281406
281468
281497
281520
281680
281797
281854
281861
282057
282063
282150
282210
282239
282301
282309
282331
282375
282402
282439
282542
282703
282816
283014
283023
283180
283182
283267
283274
283312
283390
283407
284036
284410
284593
284596
284601
284613
284630
285033
285177
285229
285295
285326
285445
285654
285656
285716
285735
285900
285949
286223
286311
286489
286493
286733
286825
286946
287100
287127
287344
287432
287601
287660
287721
287843
287853
287915
288061
288085
288978
289071
289108
289504
289743
