683349
683647
683749
684027
684046
684100
684131
684137
684230
684255
684290
684302
684383
684447
684511
684576
684653
684750
684877
685095
685174
685179
685553
685633
685744
685994
686306
686487
686541
686754
686883
687262
687324
687403
687549
687680
687684
687890
688471
688502
688629
688746
688805
689255
689372
689407
689449
689572
689611
689699
689723
689728
689769
690040
690103
690136
690264
690338
690380
690438
690457
690879
691066
691148
691161
691325
691384
691455
691490
691758
691938
691975
692087
692205
692207
692350
692382
692517
692568
692937
692948
693001
693236
693401
693443
693622
693672
693715
693904
693947
694015
694049
694175
694294
694362
694461
695095
695116
695149
695170
