966729
966742
966800
966933
966965
967151
967263
967520
967531
967557
967852
967886
967907
968378
968558
968631
968729
968864
969190
969430
969523
969856
969911
970106
970451
970590
970702
970922
970996
971024
971212
971470
971583
971609
971750
971903
971921
971937
971945
972051
972063
972120
972213
972237
972495
972655
972848
972863
972875
972883
972889
973227
973243
973336
973339
973427
973525
973558
973630
973783
973964
974024
974032
974034
974364
974507
974523
974617
974642
974705
974719
974806
974993
975083
975086
975090
975122
975312
975344
975467
975527
975531
975690
975858
975872
975884
975944
976197
976231
976246
976288
976323
976418
976562
976939
977067
977102
977149
977268
977297
