39497422
39499134
39499925
39501554
39502085
39502182
39503605
39506965
39507844
39510807
39511855
39513732
39513907
39514735
39515246
39515800
39516865
39517801
39520330
39524024
39525313
39530284
39531736
39533624
39534608
39536395
39537959
39541102
39543666
39548629
39548969
39549364
39552822
39556661
39560598
39566552
39566671
39566745
39567322
39568818
39569330
39571313
39573683
39575062
39576244
39580369
39585931
39591980
39595837
39597110
39601848
39602554
39604092
39604177
39610350
39610391
39611622
39612606
39617425
39617468
39624202
39624618
39625089
39632461
39632517
39633657
39635113
39635444
39637188
39638365
39643564
39646079
39647041
39648098
39648260
39650998
39651863
39653965
39655917
39656575
39656669
39657396
39657442
39658397
39659556
39660508
39662227
39663258
39663461
39666917
39667929
39671614
39674941
39676107
39676820
39678217
39679683
39690780
39692244
39692515
