4153644
4153646
4153837
4153951
4154111
4154377
4154918
4154943
4155243
4155461
4155740
4155775
4155804
4156127
4156133
4156228
4156474
4156588
4156598
4156886
4156900
4156922
4156955
4157049
4157050
4157098
4157150
4157162
4157180
4157388
4157402
4157600
4157636
4157664
4157808
4157811
4157831
4157863
4157884
4158051
4158121
4158223
4158232
4158247
4158340
4158405
4158578
4158592
4158737
4158794
4159156
4159174
4159248
4159624
4159676
4159898
4159922
4160471
4160875
4160896
4160960
4160972
4161006
4161051
4161417
4161506
4161864
4161947
4162031
4162139
4162176
4162222
4162275
4162346
4162358
4162653
4162789
4162830
4162962
4163069
4163094
4163118
4163139
4163141
4163308
4163339
4163396
4163398
4163416
4163495
4163815
4164130
4164151
4164222
4164389
4164392
4164441
4164541
4164554
4165308
