4447769
4447962
4448135
4448185
4448237
4448355
4448371
4448395
4448463
4448586
4448591
4448708
4448786
4448807
4448815
4448836
4449088
4449117
4449168
4449309
4449335
4449464
4449585
4449835
4449905
4450120
4450228
4450416
4450556
4450582
4450587
4450742
4450785
4450804
4451085
4451119
4451171
4451208
4451224
4451262
4451538
4451578
4451917
4451949
4452017
4452152
4452177
4452256
4452583
4452674
4453007
4453231
4453241
4453391
4453551
4453575
4453888
4453963
4453972
4454068
4454145
4454244
4454348
4454397
4454508
4455108
4455110
4455388
4455396
4455414
4455426
4455810
4455886
4455915
4456283
4456358
4456365
4456413
4456653
4456697
4457000
4457158
4457178
4457183
4457423
4457473
4457538
4457592
4457722
4457744
4457926
4458061
4458145
4458222
4458483
4458834
4458943
4459276
4459494
4459654
