387084
387169
387312
387322
387323
387365
387430
387540
387586
387876
388066
388154
388163
388188
388373
388428
388840
388931
389001
389011
389107
389214
389263
389286
389319
389747
389930
390422
390469
390515
390733
390991
391072
391148
391194
391249
391511
391527
391537
391625
391789
391978
392751
393936
394029
394128
394252
394310
394499
394595
394768
394774
394820
394852
394917
395207
395428
395530
395594
395599
395708
395747
395761
395791
395822
395829
395869
395987
395991
396208
396212
396302
396306
396528
396876
396938
397187
397231
397890
398239
398646
398650
398727
398882
399096
399130
399584
399857
400069
400180
400358
400379
400904
401012
401048
401124
401686
402217
402321
402439
