767144
767202
767228
767237
767445
767497
767519
767588
767689
767698
767737
767769
767958
768010
768111
768129
768228
768234
768363
768446
768632
768644
768752
768791
768822
768845
768950
768978
769055
769147
769168
769169
769176
769204
769263
769407
769412
769418
769420
769521
769548
769551
769693
769806
770018
770161
770222
770522
770692
770794
770894
770917
771155
771334
771428
771463
771526
771604
771722
771740
771761
771969
772008
772014
772089
772109
772123
772293
772321
772358
772394
772435
772525
772558
772565
773028
773047
773059
773148
773488
773599
773603
773867
773879
774492
774504
774539
774902
774998
775204
775225
775275
775366
775377
775477
775545
775687
775762
775900
775920
