3080148
3080526
3080596
3080685
3080787
3080895
3080998
3081219
3081303
3081557
3081722
3081772
3081815
3081957
3081958
3082103
3082444
3082481
3082503
3082567
3082658
3082659
3082703
3082776
3082903
3083094
3083123
3083324
3083371
3083451
3083852
3083889
3084040
3084064
3084086
3084336
3084752
3084853
3085053
3085074
3085237
3085318
3085371
3085375
3085379
3085433
3085558
3085626
3085657
3085718
3085937
3086421
3086500
3086511
3086516
3086749
3086778
3086807
3086874
3086919
3086974
3087146
3087621
3087817
3088606
3088683
3089006
3089102
3089115
3089143
3089196
3089216
3089245
3089298
3089316
3089407
3089567
3089655
3089849
3089890
3089912
3089917
3089931
3090081
3090096
3090255
3090277
3090558
3090694
3090701
3090905
3091064
3091925
3092231
3092293
3092302
3092612
3092740
3092917
3093342
