1696495
1696573
1696583
1696631
1696648
1696702
1696847
1696885
1696949
1696973
1697126
1697228
1697372
1697491
1697748
1697797
1697919
1697936
1697960
1698235
1698265
1698295
1698315
1698341
1698474
1698482
1698561
1698583
1698683
1698813
1699088
1699270
1699304
1699330
1699360
1699457
1699488
1699489
1699554
1699581
1699760
1699897
1699940
1699964
1699980
1700358
1700427
1700496
1700507
1700509
1700752
1700775
1700888
1700910
1700976
1701076
1701352
1701774
1701841
1701865
1702256
1702363
1703094
1703173
1703287
1703484
1703575
1703639
1703837
1703968
1704110
1704369
1704651
1704698
1704715
1704826
1704843
1704995
1705027
1705056
1705172
1705189
1705346
1705378
1705434
1705548
1705744
1705753
1705805
1705835
1705942
1705976
1705984
1705985
1706076
1706111
1706294
1706318
1706360
1706362
