11585741
11587076
11587365
11588001
11588122
11588168
11588283
11588440
11588741
11588762
11589907
11590400
11590665
11590681
11590721
11590820
11591284
11591655
11592231
11592349
11592433
11593122
11593818
11595357
11595581
11596365
11597102
11597630
11598027
11598412
11598501
11598607
11599231
11599308
11599811
11600453
11600893
11601049
11602457
11603104
11603898
11604034
11605735
11606614
11607790
11607947
11608008
11609126
11610117
11611585
11612723
11613077
11613639
11613666
11614168
11614245
11614405
11615010
11615193
11615532
11615558
11615659
11616181
11616417
11616909
11617466
11617578
11617580
11617948
11618474
11619202
11619349
11619515
11619558
11619748
11620672
11620831
11622016
11622453
11622602
11623165
11623590
11623707
11623818
11623995
11625015
11625037
11625141
11625297
11625405
11625970
11626723
11626757
11626951
11627435
11628602
11628741
11628745
11629167
11629648
