2683914
2684163
2684442
2684776
2685073
2685201
2685288
2685419
2685639
2685851
2685883
2686089
2686117
2686303
2686347
2686359
2686474
2686844
2687071
2687398
2687478
2687488
2687590
2687594
2687596
2687603
2687611
2687617
2687621
2687622
2687625
2687635
2687647
2687659
2687667
2687674
2687675
2687681
2687685
2687690
2687702
2687709
2687713
2688025
2688062
2688095
2688102
2688106
2688151
2688156
2688214
2688318
2688343
2688538
2688603
2688689
2688808
2688867
2688874
2688900
2688998
2689001
2689077
2689101
2689183
2689498
2689644
2689686
2689828
2689867
2689953
2690097
2690556
2691041
2691670
2691732
2691791
2691839
2691948
2692199
2692331
2692430
2692625
2692731
2692854
2692914
2692943
2692954
2693158
2693624
2693633
2693840
2694104
2694311
2694403
2694553
2694585
2694657
