2023665
2023729
2023796
2023961
2024492
2024766
2024776
2024916
2024995
2025163
2025195
2025232
2025333
2025385
2025615
2026046
2026080
2026158
2026217
2026357
2026428
2026446
2026528
2026688
2026699
2026783
2026786
2026879
2027078
2027156
2027209
2027293
2027390
2027449
2027611
2027954
2028102
2028284
2028397
2028737
2028740
2029066
2029067
2029410
2029518
2029594
2029716
2029720
2029741
2029794
2029834
2029868
2029888
2029938
2029963
2030080
2030200
2030278
2030281
2030295
2030461
2030480
2030569
2030858
2031117
2031121
2031305
2032463
2032545
2032756
2033012
2033111
2033217
2033312
2033835
2033984
2034063
2034124
2034248
2034338
2034563
2034925
2034949
2035022
2035346
2035943
2036197
2036385
2036438
2036929
2037109
2037311
2037871
2038078
2038194
2038414
2038458
2038825
2038937
2038952
