985248
985250
985260
985304
985335
985375
985395
985464
985481
985485
985510
985623
985793
985843
985908
985918
985945
985967
986221
986316
986357
986574
986722
986738
986835
986904
986930
986934
986979
987064
987104
987148
987229
987301
987308
987353
987371
987444
987533
987595
987653
987685
987819
987870
987948
988017
988051
988089
988280
988285
988420
988503
988508
988535
988544
988555
988703
988705
988808
988852
988876
989133
989217
989250
989307
989396
989576
989833
989835
990237
990392
990416
990666
990829
990839
990915
990975
990987
991044
991252
991266
991428
991441
991642
991758
991776
991816
992110
992129
992202
992361
992474
992478
992580
992887
992942
993121
993247
993346
993375
