5404614
5404757
5404842
5404869
5405082
5405430
5405763
5405824
5405898
5406009
5406474
5406588
5406623
5406709
5406745
5407057
5407143
5407200
5407922
5408115
5408262
5408434
5408879
5408964
5408990
5409116
5409292
5409405
5409785
5409787
5409968
5410128
5410164
5410324
5410766
5411635
5412241
5412333
5412340
5412431
5412529
5412990
5413089
5413946
5414226
5414272
5414338
5414455
5414591
5414999
5415131
5415293
5415442
5415482
5415755
5416320
5416343
5416618
5416885
5416889
5417092
5417204
5417227
5417357
5417491
5417503
5417837
5418362
5418516
5418743
5419529
5419924
5420060
5420476
5420609
5420716
5420734
5421119
5421220
5421277
5421283
5421641
5422039
5422405
5422484
5422529
5422891
5422974
5422992
5423125
5423245
5423407
5423720
5423749
5423763
5423767
5423799
5423837
5423932
5424011
