2405741
2405851
2405875
2405918
2405925
2406284
2406353
2406493
2406636
2406750
2406802
2407063
2407240
2407262
2407685
2407881
2408134
2408497
2408548
2408620
2408950
2409327
2409730
2409732
2409741
2409804
2410252
2410256
2410663
2410793
2411301
2411342
2411346
2411654
2411763
2411815
2411908
2411930
2412284
2412345
2412416
2412448
2412489
2412556
2412853
2413072
2413174
2413252
2413315
2413336
2413458
2413519
2414078
2414095
2414178
2414665
2414735
2415241
2415276
2415283
2415624
2415840
2415933
2415986
2416020
2416038
2416066
2416324
2416332
2416729
2416947
2417001
2417010
2417100
2417163
2417209
2417371
2417681
2417735
2418140
2418164
2418215
2418330
2418357
2418359
2418614
2418924
2418983
2419008
2419093
2419113
2419136
2419519
2420070
2420305
2420350
2420759
2420793
2420886
2421164
