6091796
6091995
6092717
6092885
6092979
6092985
6093344
6093387
6093437
6093840
6094041
6094048
6094174
6094395
6094540
6094581
6094809
6094890
6095475
6095666
6095995
6096256
6096577
6097082
6098610
6099022
6099130
6099179
6099187
6099734
6099846
6100169
6100202
6100493
6100497
6100539
6100574
6100967
6101251
6101462
6101555
6101709
6101808
6101911
6102050
6102400
6102443
6102498
6103184
6103922
6104516
6104649
6104657
6104877
6105268
6105519
6106695
6106918
6107498
6107553
6107755
6107772
6107928
6108336
6108903
6109465
6109508
6110095
6110165
6110468
6110599
6110621
6111285
6111785
6111871
6111882
6112083
6112342
6112529
6113016
6113414
6113562
6114353
6114492
6114947
6115172
6115193
6116093
6116196
6116274
6116290
6116301
6116542
6116697
6116766
6116986
6117111
6117156
6117254
6117356
