2541186
2541278
2541570
2541722
2541784
2541797
2542277
2542386
2542442
2542642
2542818
2542820
2543370
2543717
2543824
2543856
2544050
2544248
2544584
2544734
2544949
2545077
2545169
2545203
2545392
2545476
2545520
2546171
2546209
2546215
2546258
2546437
2546818
2546870
2546894
2546932
2547492
2547552
2547573
2547608
2547732
2547747
2547930
2547969
2548026
2548341
2548571
2548841
2548951
2549117
2549135
2549263
2549345
2549576
2549842
2550262
2550764
2550794
2550803
2550847
2550890
2551015
2551058
2551235
2551348
2551704
2551797
2551971
2552174
2552525
2552560
2552658
2552661
2553099
2553327
2553389
2553614
2553625
2553688
2553761
2553947
2554001
2554036
2554043
2554317
2554509
2554637
2554792
2554825
2554870
2554878
2555013
2555247
2555689
2555794
2555815
2556118
2556193
2556235
2556264
