3382949
3383788
3384119
3384148
3384182
3384409
3385249
3385320
3385676
3385957
3385976
3386142
3386413
3386424
3386426
3386543
3386820
3386842
3387001
3387010
3387148
3387478
3387539
3387561
3387631
3387687
3387802
3387808
3387823
3387843
3387990
3388004
3388012
3388021
3388022
3388026
3388028
3388029
3388036
3388037
3388045
3388093
3388215
3388264
3388359
3388664
3388713
3388966
3389071
3389262
3389302
3389312
3389368
3389944
3389997
3390023
3390973
3391429
3391736
3392046
3392444
3393166
3393360
3393765
3393926
3393928
3394103
3394152
3394177
3394454
3394615
3395287
3395591
3395837
3395927
3396057
3396300
3396455
3396555
3396653
3396704
3396892
3397274
3397567
3397831
3398068
3398257
3398288
3398595
3398716
3398728
3398932
3399020
3399278
3399668
3399675
3399680
3399699
3399701
3399800
