17212462
17212564
17212737
17213061
17213246
17213833
17213969
17214511
17214999
17215819
17216610
17218029
17218596
17219082
17219368
17220156
17220554
17220963
17222002
17222417
17222585
17223230
17223469
17223643
17223963
17224728
17226428
17228668
17232027
17232069
17232909
17233119
17233954
17234442
17235582
17236025
17236081
17236313
17237541
17238592
17239182
17239813
17240676
17241353
17241440
17241450
17242338
17242558
17242807
17243049
17243971
17244169
17244226
17244954
17245287
17245391
17246038
17246082
17246108
17247151
17248248
17248420
17248508
17248689
17248691
17248781
17249360
17249892
17249939
17250052
17250565
17251125
17252056
17252153
17253377
17253504
17253702
17253835
17254190
17254240
17254621
17254809
17254917
17255295
17255848
17255886
17257004
17258826
17259150
17259267
17260249
17262074
17262206
17263462
17264439
17265438
17265944
17267935
17269288
17270455
