5023376
5023612
5023892
5024049
5024349
5024531
5024536
5024688
5024792
5024849
5024929
5024987
5025014
5025078
5025198
5025308
5025318
5025512
5025520
5025628
5025789
5025810
5026152
5026193
5026505
5026570
5026631
5026663
5026674
5026704
5026717
5026736
5026825
5026841
5026967
5027165
5027519
5027564
5027714
5027831
5027838
5027840
5027894
5028283
5028288
5028345
5028348
5028591
5028701
5028807
5028977
5029430
5029486
5029638
5029652
5030509
5030590
5031049
5031502
5031680
5031756
5031979
5032153
5032258
5032269
5032338
5032407
5032686
5032688
5032946
5033099
5033340
5033400
5033487
5034122
5034547
5034613
5034674
5034716
5034922
5035101
5035214
5035351
5035742
5035920
5036349
5036413
5036414
5036570
5036609
5036674
5036921
5037095
5037188
5037812
5038119
5038841
5039193
5039311
5039319
