54473
54524
54598
54631
54666
54697
54854
54966
55260
55312
55435
55459
55534
55761
55874
55922
56112
56199
56210
56342
56368
56462
57191
57326
57629
57900
57945
58078
58140
58437
58513
58621
58672
58777
58871
59091
59200
59231
59248
59316
59329
59345
59505
59523
59720
59788
59789
59810
60078
60172
60314
60416
60578
60593
60612
60908
60959
60988
60989
61109
61273
61274
61340
61400
61509
61519
61541
61687
61791
61819
61835
62074
62081
62163
62230
62374
62411
62449
62480
62490
62524
62580
62616
62955
62967
63070
63158
63213
63406
63672
63831
63892
63919
63966
64265
64387
64398
64439
64457
64683
