27690510
27692031
27692921
27693439
27693783
27694891
27695548
27696286
27702895
27702940
27704259
27707312
27707399
27708691
27709660
27710036
27710106
27714334
27714729
27714940
27715075
27715396
27715428
27716542
27716741
27717805
27717922
27720402
27722120
27725345
27726089
27726895
27729553
27730995
27732882
27737288
27739614
27739991
27741067
27741289
27743084
27743586
27744687
27746134
27747186
27747773
27750274
27750690
27751038
27751058
27751276
27751351
27751617
27753942
27755992
27756546
27757591
27757793
27758636
27760320
27761646
27761950
27763478
27769033
27769080
27769221
27772788
27772832
27773928
27777750
27781044
27782483
27783078
27783139
27783899
27784034
27784188
27784759
27784921
27786060
27788046
27788194
27789594
27790348
27790474
27790718
27791824
27798752
27802614
27802768
27803427
27804215
27804224
27805622
27806483
27807930
27808890
27809529
27811055
27812075
