2637623
2637692
2637760
2637856
2637995
2637998
2638167
2638440
2638565
2638713
2638798
2639066
2639169
2639447
2639586
2640164
2640177
2640231
2640316
2640658
2640722
2640843
2640885
2641182
2641211
2641375
2641467
2641526
2641845
2642052
2642187
2642359
2642462
2642765
2642774
2642812
2643109
2643309
2643400
2643700
2643711
2643889
2643930
2643996
2644047
2644168
2644186
2644200
2644209
2644243
2644305
2644638
2644663
2645339
2645497
2645503
2645952
2646012
2646143
2646253
2646381
2646656
2646685
2646805
2646850
2647127
2647166
2647209
2647470
2647549
2647629
2647823
2648035
2648100
2648182
2648267
2648324
2648476
2648514
2648857
2648861
2648931
2649065
2649186
2649197
2649242
2649305
2649386
2649412
2649467
2649862
2649959
2650330
2650345
2650392
2650465
2650557
2650660
2650966
2651118
