4668489
4668936
4669045
4669145
4669236
4669344
4669512
4669764
4669916
4669965
4670223
4670229
4670718
4671110
4671289
4671368
4671470
4671621
4671651
4671716
4671772
4672084
4672379
4672626
4672689
4672881
4673061
4673357
4673800
4673851
4674118
4674768
4674808
4674907
4675197
4675224
4675258
4675347
4675640
4675834
4675895
4676099
4676130
4676407
4676630
4676886
4676970
4677014
4677076
4677083
4677422
4677477
4677585
4677640
4677642
4678057
4678191
4678893
4679091
4679099
4679783
4679855
4679880
4680017
4680122
4680311
4680395
4680455
4680474
4680556
4680987
4680994
4681357
4681412
4681730
4681844
4681913
4682052
4682165
4682228
4682237
4682634
4682657
4683079
4683442
4683504
4683550
4683662
4683696
4683881
4683965
4684009
4684015
4684196
4684215
4684310
4684355
4684430
4684462
4684714
