2949869
2949979
2950007
2950024
2950257
2950302
2950341
2950343
2950411
2950563
2950597
2950662
2950738
2950942
2951112
2951191
2951464
2951636
2951647
2951731
2951978
2952124
2952214
2952431
2952437
2952739
2952831
2952880
2952914
2953205
2953274
2953390
2953497
2953591
2953856
2953870
2953874
2953980
2954093
2954103
2954108
2954147
2954184
2954461
2954486
2954547
2954563
2954717
2954783
2954822
2955208
2955552
2955734
2956369
2956693
2957042
2957427
2957429
2957494
2957734
2957783
2957870
2958217
2958270
2958378
2958395
2958654
2959023
2959269
2959492
2959849
2960186
2960243
2960510
2960976
2961016
2961636
2961660
2961880
2961920
2962002
2962065
2962108
2962238
2962628
2962931
2962936
2963443
2963614
2963717
2963867
2963878
2964088
2964218
2964219
2964285
2964313
2964362
2964366
2964368
