5781998
5782057
5782156
5782657
5782925
5783767
5784275
5784306
5784515
5785125
5786016
5786111
5786153
5786202
5786223
5786486
5786828
5786932
5786956
5787195
5787300
5787346
5787347
5787403
5787462
5787804
5788137
5788162
5788712
5788847
5788860
5788979
5789277
5789353
5789505
5789811
5790220
5790271
5790410
5790738
5791161
5791387
5791563
5792224
5792298
5792319
5792357
5792382
5792547
5792553
5793004
5793038
5793241
5793360
5793401
5793604
5794048
5794444
5794460
5794552
5794696
5794748
5794823
5794896
5794948
5795173
5795266
5795435
5795646
5796125
5796509
5796659
5796758
5796821
5796944
5797609
5797622
5797806
5797836
5797967
5799359
5799885
5799944
5800211
5800307
5800311
5800412
5800671
5800677
5800693
5800904
5801103
5801194
5801322
5801444
5801496
5801527
5801660
5801699
5801766
