19345524
19345654
19345747
19346162
19350411
19351209
19351234
19353990
19354292
19354988
19355265
19355650
19356583
19356945
19357630
19359959
19359994
19360523
19361223
19361462
19361751
19361899
19361994
19363705
19363808
19364414
19365056
19366341
19366922
19367100
19367398
19368608
19368670
19368705
19368862
19369876
19370866
19370871
19371855
19373908
19374238
19374241
19374931
19375596
19377724
19377898
19378406
19378814
19379172
19380530
19381716
19382357
19382990
19382995
19383553
19384779
19385203
19385948
19386663
19388727
19389212
19389417
19389667
19389883
19390122
19390526
19390867
19390998
19391823
19392242
19393516
19395205
19395621
19396185
19396354
19397003
19397233
19398035
19398188
19398880
19400749
19400874
19401354
19402241
19402751
19404447
19405738
19405897
19406235
19406342
19406834
19407023
19407102
19407288
19407417
19407715
19412570
19412654
19413690
19414783
