12730666
12730782
12730858
12731184
12731517
12731693
12731997
12733502
12733531
12734757
12735051
12736534
12736638
12737192
12739422
12739704
12740129
12742586
12742726
12742843
12743228
12743325
12743377
12743422
12744163
12744978
12745253
12745433
12746014
12747252
12747379
12747753
12747795
12748058
12750107
12751545
12751830
12751965
12752266
12752290
12752370
12752931
12753681
12754709
12754792
12756445
12757007
12757080
12757136
12758983
12759093
12759627
12761279
12762010
12763072
12763690
12763779
12764634
12764972
12766136
12766409
12766897
12767764
12767818
12768641
12768909
12769614
12769684
12770096
12770322
12770540
12771052
12771531
12772443
12773651
12773933
12774142
12774432
12775242
12775387
12775475
12775840
12776365
12777123
12777185
12778730
12779575
12781720
12782266
12782283
12782578
12784151
12784160
12784472
12784523
12784656
12785148
12786676
12787638
12787813
