2890157
2890177
2890418
2890598
2890687
2890904
2890970
2891025
2891071
2891214
2891498
2891734
2891893
2891898
2891911
2891920
2891949
2892058
2892279
2892286
2892356
2892360
2892485
2892546
2892614
2892812
2892926
2892954
2893077
2893217
2893435
2893717
2893855
2894225
2894454
2894530
2894705
2894747
2894754
2894972
2895056
2895199
2895266
2895392
2895467
2895616
2896066
2896286
2896392
2896497
2897111
2897655
2897784
2897785
2897787
2898408
2898459
2898528
2898778
2898855
2898885
2898894
2899968
2900044
2900308
2900311
2900604
2900752
2901074
2901440
2901659
2901834
2901867
2901912
2901969
2902065
2902305
2902315
2902575
2902770
2902818
2902990
2903172
2903538
2903609
2903768
2904390
2904644
2905101
2905164
2905346
2905503
2905710
2905720
2905767
2906067
2906154
2906184
2906316
2906326
