7492253
7492314
7492356
7492362
7493338
7493430
7493457
7493592
7493714
7493991
7494159
7494274
7494584
7495190
7495350
7495647
7495810
7496241
7496369
7497099
7497300
7497481
7497608
7498186
7498535
7499431
7499540
7499632
7500069
7500184
7500232
7500695
7502146
7502348
7502655
7502931
7503283
7503705
7504257
7504646
7504968
7504977
7505389
7505438
7505530
7505720
7506925
7506992
7507274
7507435
7507437
7507481
7507805
7507861
7507925
7508122
7508512
7508605
7509052
7509994
7510278
7510477
7510684
7510793
7510815
7510910
7510970
7510979
7511347
7511539
7512355
7512675
7512799
7513038
7513069
7513193
7513867
7514223
7514799
7515012
7515423
7515541
7515955
7516411
7517320
7517450
7517667
7517768
7518176
7518340
7518428
7518720
7518850
7518900
7519030
7519303
7519360
7519412
7519417
7519513
