38318264
38318302
38319471
38320764
38320955
38321368
38321899
38321989
38322513
38322528
38326785
38326892
38327478
38328360
38330319
38331014
38332190
38333145
38333623
38334119
38334988
38336328
38336557
38337313
38342147
38343016
38343034
38343050
38344677
38344960
38345040
38345792
38346968
38347090
38347244
38347353
38347457
38348531
38349254
38349725
38350884
38350895
38351819
38351823
38352913
38353291
38355750
38356107
38358011
38358757
38359976
38360059
38360386
38361789
38363452
38367788
38369913
38378846
38379657
38380020
38381575
38383691
38384013
38384890
38384975
38385237
38388459
38388844
38390091
38395730
38397736
38399187
38401704
38401758
38401976
38402222
38404851
38410809
38416598
38416849
38417416
38419514
38420315
38420681
38422416
38422957
38424810
38429003
38429127
38433969
38437915
38438441
38438478
38438649
38439527
38440371
38441747
38442366
38442542
38443228
