31206768
31208369
31208470
31210481
31212358
31212394
31218447
31218480
31220717
31220906
31220997
31221278
31221453
31221583
31222075
31223195
31223289
31223847
31224556
31226597
31228116
31232234
31232388
31234623
31235947
31237103
31237983
31239458
31241239
31241352
31241445
31243532
31243969
31244100
31244791
31244812
31247599
31247996
31249011
31249450
31250291
31250859
31251948
31252559
31254164
31254911
31260328
31260486
31260693
31260926
31262036
31262517
31263857
31266493
31267908
31267982
31275026
31278136
31280561
31281126
31283579
31285560
31289636
31293319
31294333
31295889
31296780
31301453
31301808
31301921
31302030
31302654
31302838
31303815
31306913
31307530
31308507
31312239
31313090
31314799
31316915
31317431
31317436
31318026
31319449
31322224
31322567
31322802
31325619
31325944
31327650
31328966
31331689
31332750
31334378
31335934
31336864
31337328
31339350
31341649
