18318899
18319887
18320818
18321091
18321322
18323006
18323048
18324329
18325472
18325683
18326010
18326090
18326252
18328876
18329596
18329751
18331969
18333097
18333309
18333449
18333572
18333710
18333795
18334754
18334959
18336514
18338820
18339776
18340498
18341268
18341637
18341799
18342396
18343404
18344610
18345123
18346416
18348143
18349202
18349534
18349742
18349858
18351451
18351901
18356186
18358024
18358680
18359997
18360015
18360803
18360988
18360989
18361428
18361447
18361609
18362069
18362221
18362426
18363920
18364333
18364788
18364955
18365729
18366679
18366769
18367389
18368288
18370208
18370952
18372604
18373171
18373374
18374478
18374645
18374711
18375278
18375729
18376900
18377288
18377360
18378069
18378339
18378734
18379091
18379480
18380336
18380353
18380709
18381189
18381293
18381427
18382060
18384550
18384718
18385893
18387850
18388565
18389113
18389394
18389676
