9299569
9300408
9300438
9301789
9302627
9302819
9303038
9303241
9304737
9305086
9305196
9305461
9305853
9306010
9306338
9307174
9308114
9308339
9309849
9311438
9311630
9311676
9311801
9312289
9312360
9312688
9313094
9313113
9314250
9315175
9316251
9317315
9317468
9317781
9317864
9317887
9318414
9318755
9318799
9318920
9319635
9320468
9321245
9321322
9321468
9322094
9322593
9322983
9323149
9323299
9323530
9323702
9323779
9323801
9323924
9324305
9324804
9325291
9325297
9325365
9325801
9325985
9326010
9326365
9326734
9327194
9327293
9327297
9327605
9327716
9327851
9328054
9328377
9328638
9328718
9329383
9330513
9330857
9331009
9331394
9331426
9333089
9335574
9336203
9336260
9336636
9337142
9337484
9337648
9337693
9337911
9337939
9338333
9338383
9338595
9338825
9339153
9340113
9340202
9340540
