4110414
4110454
4110692
4110853
4110951
4110966
4111300
4111321
4111505
4111518
4111522
4111544
4111557
4111962
4112144
4112302
4112501
4112525
4112776
4112906
4113067
4113215
4113415
4113427
4113470
4113652
4113710
4113997
4114252
4114553
4114638
4114980
4115101
4115211
4115294
4115398
4115551
4116093
4116117
4116121
4116208
4116359
4116582
4116589
4116725
4116890
4117105
4117228
4117340
4117544
4117810
4117912
4117949
4118251
4118348
4118350
4118431
4119085
4119204
4119460
4119502
4119632
4119659
4119784
4119908
4120246
4120756
4120910
4120983
4121048
4121051
4121056
4121068
4121097
4121108
4121180
4121300
4121388
4121400
4121553
4121587
4121670
4121711
4122014
4122146
4122163
4122210
4122390
4122504
4122537
4122897
4123208
4123367
4123393
4123447
4124211
4124428
4124489
4124500
4124849
