11159887
11160147
11161200
11162677
11162852
11163107
11163471
11163536
11163818
11163839
11164380
11164840
11164891
11166422
11166588
11167232
11167850
11167886
11168004
11168327
11168418
11171372
11171528
11172667
11172926
11173430
11173970
11174199
11174388
11175124
11175287
11175905
11175921
11177454
11178011
11178117
11178139
11179090
11179764
11181795
11181882
11182156
11182463
11183864
11185686
11186764
11187322
11187453
11187592
11187908
11188808
11189727
11190021
11190785
11191183
11193487
11194624
11194996
11195070
11196111
11196342
11196787
11196797
11196923
11197428
11198527
11201767
11203260
11203858
11206416
11207038
11207368
11208489
11208713
11208715
11209762
11209848
11210898
11211380
11212362
11212373
11212483
11213429
11218122
11218364
11218762
11219966
11220840
11221385
11221631
11221872
11221895
11222045
11223023
11224131
11224562
11224595
11224714
11225259
11225869
