34870855
34872887
34873822
34879270
34879348
34879533
34882899
34883779
34884347
34885251
34886010
34886941
34889020
34891706
34894988
34897557
34903057
34907896
34908959
34914833
34915118
34915585
34916502
34917480
34920120
34921611
34924028
34925420
34926976
34927489
34928577
34929626
34931259
34932737
34933322
34940592
34943098
34944321
34944793
34945451
34945537
34946921
34949201
34949560
34951775
34951917
34952334
34954817
34955993
34956279
34956422
34957070
34957089
34958277
34960540
34960923
34962987
34963879
34965312
34966684
34969062
34969128
34973200
34973737
34974816
34977454
34978712
34983167
34983925
34986516
34989016
34989509
34992730
34992834
34997778
35001457
35003571
35004920
35006500
35010938
35017905
35019114
35020858
35023044
35023198
35025163
35026394
35029165
35033166
35036291
35037992
35039210
35041269
35042740
35043410
35043883
35044324
35047857
35048148
35050259
