27553874
27553896
27554440
27558737
27559560
27559926
27560833
27560917
27564816
27567054
27567438
27572886
27574276
27575322
27575455
27576357
27580737
27581282
27587170
27587443
27588154
27588812
27589452
27590579
27591480
27591602
27591782
27593320
27598070
27599745
27600315
27601859
27606848
27609863
27609875
27612671
27613643
27614337
27614432
27619462
27622397
27622653
27623531
27628462
27628531
27630112
27634986
27636603
27637855
27638249
27640828
27641235
27641409
27641708
27641942
27643748
27643985
27644675
27644959
27645845
27646782
27647532
27647901
27649137
27650010
27655651
27655709
27655732
27658815
27661174
27662328
27664243
27665449
27665666
27665778
27667353
27667469
27667574
27667662
27669396
27672245
27674990
27675001
27675281
27676417
27677366
27677729
27677791
27680113
27681162
27681790
27681801
27681906
27683543
27683709
27685437
27687544
27688197
27689836
27690222
