13315694
13316079
13316354
13317346
13318214
13318366
13319260
13319483
13321531
13322342
13322516
13323117
13323434
13323829
13324041
13324270
13324287
13324400
13324623
13324956
13325620
13326426
13327468
13328195
13328403
13329627
13329824
13330887
13331093
13332050
13332702
13333954
13334151
13334964
13335335
13335747
13335851
13336271
13336299
13336334
13336739
13336915
13337413
13337434
13338394
13338908
13339338
13340055
13340139
13340310
13340823
13341052
13341540
13341667
13341839
13341908
13341981
13343189
13343375
13344521
13345242
13345298
13345302
13348254
13348947
13350427
13350735
13351484
13351507
13352246
13352921
13353238
13353279
13353293
13354531
13355609
13356715
13356974
13357576
13357702
13357723
13359498
13359583
13360912
13361203
13361351
13361697
13362153
13362817
13363307
13363314
13364180
13364232
13364300
13366152
13366447
13366571
13367620
13368817
13369533
