3500039
3500106
3500204
3500230
3500274
3500275
3500396
3500670
3500690
3500727
3500989
3501103
3501149
3501488
3501545
3501579
3501723
3501878
3502021
3502070
3502135
3502158
3502522
3502663
3502725
3502939
3503082
3503344
3503377
3503611
3503667
3503868
3503998
3504306
3504335
3504571
3504603
3504658
3504669
3504715
3505185
3505476
3505628
3505696
3505999
3506173
3506209
3506660
3506701
3506816
3506881
3506998
3507086
3507245
3507263
3507343
3507836
3508007
3508180
3508643
3508784
3509128
3509243
3509559
3509971
3510019
3510221
3510387
3510455
3510521
3510547
3510764
3510866
3511068
3511192
3511977
3512021
3512088
3512186
3512308
3512480
3512518
3512606
3512687
3512758
3512762
3512768
3512803
3513022
3513253
3513373
3513622
3513919
3513988
3514167
3514242
3514273
3514410
3514613
3514634
