23839493
23840657
23840791
23840870
23842556
23843809
23843904
23844197
23847874
23848529
23848599
23849616
23850338
23851554
23851742
23853358
23854477
23854610
23856672
23857798
23857941
23860702
23861974
23862337
23862913
23864626
23864946
23866508
23866598
23866628
23867360
23867512
23868352
23872025
23872360
23873874
23873903
23875344
23875604
23875684
23876826
23877149
23877859
23878558
23878822
23879358
23883093
23886266
23887200
23887427
23890258
23890955
23891831
23892006
23892665
23893355
23893556
23893670
23897400
23897599
23897608
23898595
23900089
23901497
23902864
23903423
23903776
23904888
23905771
23906533
23907013
23907022
23907746
23909757
23910943
23912487
23912780
23913610
23914243
23915253
23915631
23915713
23917686
23922591
23923049
23923457
23923487
23924348
23925409
23925760
23926810
23930094
23930456
23930578
23932067
23933223
23934543
23940173
23942740
23943066
