12352086
12353273
12353321
12353430
12353594
12353769
12354582
12354614
12356348
12357076
12357306
12357856
12358304
12358400
12359483
12360333
12360399
12361911
12362167
12363060
12363164
12363641
12364769
12366604
12367071
12368496
12368756
12369246
12370221
12370868
12371038
12371993
12372556
12372844
12373321
12373527
12373608
12373615
12375257
12375540
12375727
12376141
12376266
12376395
12377296
12377334
12378704
12378730
12378753
12379003
12379024
12379412
12379674
12379754
12379854
12379925
12379982
12379999
12380195
12380625
12381026
12381359
12381886
12382212
12382407
12383046
12383271
12384042
12386365
12386804
12388526
12388671
12388701
12388870
12388960
12389171
12389270
12389377
12389476
12390385
12392632
12394468
12395428
12396096
12396141
12396226
12396536
12396574
12399096
12399161
12399168
12399386
12400058
12400507
12401110
12401203
12401763
12402201
12403130
12403643
