6546260
6546974
6547121
6547567
6547804
6548089
6548241
6548405
6548816
6549015
6549181
6549842
6549915
6551337
6551353
6551819
6552093
6552866
6553283
6554223
6554315
6556080
6556988
6556991
6557048
6557808
6558099
6558384
6558656
6558783
6558973
6559053
6559077
6559329
6559338
6559536
6560144
6560146
6560479
6561268
6561542
6561740
6561791
6561856
6562023
6562326
6562816
6562851
6563400
6563567
6564349
6564707
6565061
6565322
6566713
6566735
6567004
6567777
6568297
6568377
6568561
6569368
6569421
6571085
6571240
6571268
6571725
6571922
6572325
6572605
6572771
6572905
6573314
6574057
6574474
6574868
6575211
6576236
6576360
6576534
6576651
6577277
6578121
6578190
6579285
6579539
6579804
6580658
6581119
6581168
6581258
6581444
6581771
6582129
6582307
6583454
6583489
6584570
6585232
6585364
