2380931
2381008
2381120
2381387
2381513
2381529
2381537
2381714
2381766
2381782
2381845
2382023
2382227
2382258
2382612
2382862
2383056
2383099
2383109
2383133
2383500
2383569
2383570
2383730
2383785
2384093
2384126
2384234
2384249
2384274
2384441
2384537
2384593
2384617
2384656
2384792
2384937
2385054
2385471
2385482
2385743
2385940
2386139
2386252
2386735
2386934
2386949
2387225
2387439
2387843
2388002
2388577
2389207
2389436
2389501
2389614
2389776
2389966
2389995
2389996
2390260
2390389
2390440
2390515
2390564
2390606
2390703
2391177
2391350
2391712
2391786
2391795
2391861
2391991
2392035
2392097
2392147
2392153
2392228
2392457
2392685
2392794
2392808
2392839
2392881
2392971
2393000
2393003
2393065
2393153
2393461
2393530
2393633
2393732
2393754
2393882
2394236
2394600
2394910
2395119
