3416779
3416857
3416896
3416905
3417051
3417581
3417710
3418010
3418096
3418465
3418651
3418694
3418776
3419142
3419352
3419354
3419473
3419515
3419630
3419943
3419971
3420246
3420273
3420356
3420530
3420564
3420813
3420899
3420910
3421206
3421594
3421750
3421903
3421918
3421953
3422203
3422255
3422343
3422524
3422972
3423085
3423207
3423246
3423375
3423627
3423635
3423647
3423740
3423760
3423794
3423860
3424469
3424928
3425466
3425678
3425692
3425862
3426184
3426464
3426488
3426623
3426724
3426810
3426961
3426962
3427056
3427083
3427339
3428080
3428092
3428405
3428570
3428599
3428628
3428818
3428991
3429163
3429247
3429447
3429584
3429657
3429665
3429851
3430005
3430687
3430745
3430792
3430830
3431025
3431465
3431614
3431708
3431764
3431799
3431820
3431869
3432133
3432183
3432219
3432372
