7570199
7570325
7570623
7570718
7570913
7571079
7571359
7571580
7571784
7571809
7571841
7571875
7571995
7572029
7572161
7572425
7572627
7572985
7573014
7573351
7573467
7573500
7573619
7573716
7574349
7574378
7574671
7574855
7574895
7575002
7575087
7575485
7575656
7575964
7576873
7576882
7578062
7578888
7579735
7579811
7580869
7581373
7581396
7581909
7581975
7582245
7582472
7583026
7583112
7583218
7583847
7583930
7584000
7584035
7584104
7584163
7584174
7584420
7585199
7585974
7585989
7586062
7586104
7586601
7587301
7587778
7587899
7588197
7588830
7589161
7589427
7589884
7590093
7590340
7591340
7591799
7592106
7592679
7592924
7593538
7594183
7594255
7594601
7594716
7594725
7594850
7594902
7594932
7594936
7594968
7594980
7595156
7595638
7595847
7595921
7596336
7596578
7596870
7597111
7597204
