4963580
4963744
4963955
4964096
4964106
4964134
4964288
4964325
4964499
4964544
4964697
4964838
4964846
4964886
4965135
4965405
4965410
4965724
4965857
4965862
4965896
4966067
4966293
4966448
4966752
4966782
4967332
4967562
4968426
4968516
4968647
4968714
4968866
4968922
4968959
4969177
4969568
4969717
4969732
4969749
4970019
4970063
4970561
4970575
4970622
4970790
4970815
4971204
4971283
4971434
4971561
4971692
4971719
4971728
4972017
4972019
4972044
4972078
4972138
4972192
4972446
4972687
4972701
4972715
4972788
4972969
4973015
4973295
4973339
4973364
4973998
4974087
4974190
4974426
4974465
4974688
4975117
4975181
4975238
4975437
4975455
4975614
4975712
4975903
4976623
4976978
4977269
4977548
4978128
4978629
4978855
4978869
4979183
4979226
4979229
4979349
4979662
4979669
4979779
4979877
