20932167
20932536
20932562
20933265
20933758
20936009
20936432
20937062
20938033
20938390
20939509
20939659
20939882
20940194
20940714
20942075
20944091
20945831
20945859
20946005
20946116
20946756
20946843
20948903
20949056
20949616
20950330
20951136
20951475
20951549
20952681
20953219
20953525
20954590
20954605
20954781
20955173
20955293
20955657
20955841
20955929
20955971
20955973
20956266
20956985
20957129
20957357
20958160
20958681
20959218
20959279
20960301
20961821
20962759
20963170
20967813
20968211
20968605
20968863
20969680
20969917
20971352
20971365
20973232
20973921
20974369
20974813
20975079
20976343
20977515
20977758
20977978
20978767
20979215
20979854
20980477
20980797
20981907
20982015
20982198
20982212
20982438
20983146
20986724
20986979
20987098
20988359
20988667
20988853
20989302
20990052
20990451
20991036
20991411
20992193
20993817
20994829
20996364
20996417
20996466
