10421839
10421841
10422500
10422576
10423195
10423748
10423771
10423772
10425332
10425823
10426312
10426804
10427761
10427954
10427971
10428692
10428748
10428842
10428910
10429368
10430653
10430710
10430828
10430905
10431036
10431457
10431470
10431772
10432178
10432326
10432587
10432876
10432924
10433154
10433227
10433253
10433442
10433639
10433945
10434171
10435097
10435372
10435479
10435705
10435939
10435952
10436193
10436216
10436558
10436841
10438840
10439234
10440003
10440478
10440944
10442355
10442597
10443307
10444002
10444014
10444383
10444773
10445336
10445525
10445569
10445653
10446160
10446656
10446813
10446918
10446925
10446975
10447312
10447606
10448013
10448218
10449093
10449113
10449331
10449619
10449704
10449783
10449968
10449977
10450152
10450327
10450374
10450428
10450769
10450941
10451192
10451275
10451458
10452287
10453114
10453210
10453256
10453458
10453732
10454130
