13710005
13711413
13711905
13711979
13712240
13713290
13713854
13713890
13713933
13715417
13715481
13716226
13716246
13717459
13717514
13718891
13719282
13720855
13723513
13723529
13723695
13724368
13725063
13725821
13726385
13728912
13729909
13730434
13731054
13731450
13732300
13732477
13732777
13734193
13735183
13736545
13737680
13738749
13739156
13739756
13741191
13742291
13742572
13743168
13743695
13745393
13746532
13746578
13747990
13748410
13750138
13750287
13752280
13752787
13754084
13754303
13756065
13756691
13757393
13757816
13758825
13759265
13759589
13759706
13760125
13761713
13761856
13762506
13762828
13763264
13763591
13765535
13765671
13768744
13769572
13769759
13772085
13772513
13772744
13773094
13773558
13773620
13774189
13774776
13775429
13775750
13776427
13778247
13778587
13779154
13779433
13779475
13779798
13779860
13779967
13779978
13780308
13780535
13780582
13780862
