1654427
1654458
1654493
1654596
1654645
1654851
1655276
1655419
1655437
1655526
1655626
1655843
1655901
1656208
1656270
1656412
1656432
1656526
1656694
1656756
1656907
1656993
1657079
1657291
1657546
1657561
1657593
1657672
1657707
1657755
1657865
1657994
1658237
1658262
1658297
1658312
1658451
1658522
1658523
1658791
1658874
1658945
1658976
1659078
1659105
1659217
1659469
1659720
1659814
1659923
1659938
1660376
1660389
1660507
1660583
1660591
1660742
1660880
1661057
1661139
1661371
1661561
1661649
1661992
1662033
1662108
1662125
1662270
1662297
1662420
1662451
1662943
1663042
1663199
1663219
1663300
1663367
1663483
1663611
1663699
1663891
1664081
1664230
1664247
1664316
1664399
1664428
1664445
1664634
1664901
1664908
1664983
1665068
1665167
1665168
1665215
1665292
1665441
1665451
1665771
