32582804
32583120
32583527
32584139
32588899
32588940
32589420
32589684
32590117
32591172
32592604
32593256
32593501
32594010
32596298
32598273
32598930
32599535
32603432
32603932
32607101
32607726
32609904
32613181
32615970
32616361
32616646
32618910
32619268
32620232
32623222
32623917
32623982
32624266
32625142
32625168
32625303
32625618
32625840
32625916
32627824
32628451
32631019
32634763
32636734
32639644
32641065
32641983
32642327
32642700
32643073
32644365
32644513
32648283
32649359
32650293
32650757
32652789
32654820
32656186
32657969
32657989
32659798
32660138
32661778
32663546
32663702
32665396
32666418
32666919
32667309
32667487
32669420
32669965
32670084
32670244
32670944
32672373
32672410
32674932
32675553
32676249
32676941
32677158
32677961
32680478
32683371
32684237
32685705
32686957
32688753
32689552
32689677
32690227
32692448
32693024
32693028
32694647
32697859
32699815
