4712943
4713146
4713258
4713262
4713360
4713388
4713483
4713517
4713674
4713887
4714255
4714284
4714349
4714468
4714775
4714810
4714821
4714889
4715212
4715499
4716277
4716339
4716340
4716516
4716577
4716630
4716780
4716965
4717046
4717074
4717112
4717868
4717962
4718151
4718322
4718375
4718608
4718625
4718662
4718843
4718853
4718959
4719122
4719156
4719223
4719418
4719565
4719572
4719591
4719869
4719966
4720201
4720251
4720422
4720445
4720721
4720735
4720837
4720880
4720996
4721064
4721135
4721572
4721691
4721790
4721857
4721872
4721909
4722043
4722105
4722174
4723056
4723135
4723204
4723429
4723586
4723669
4723689
4723954
4724044
4724592
4724620
4724690
4724695
4724964
4725319
4725535
4725689
4725718
4725754
4725790
4725845
4725859
4725866
4725911
4726357
4726364
4726459
4726531
4726703
