5482610
5482620
5482730
5482775
5482794
5482879
5482911
5482924
5482955
5483055
5483057
5483069
5483103
5483419
5483512
5483721
5483749
5484431
5484931
5484971
5484972
5485019
5485268
5485299
5485307
5485420
5485758
5485909
5486052
5486059
5486105
5486315
5486492
5486499
5487334
5487359
5487433
5487673
5487700
5487874
5488014
5488062
5488441
5488585
5488905
5488975
5489219
5489224
5489322
5489528
5489743
5490709
5490767
5491159
5491214
5491219
5491350
5491447
5491882
5491949
5492524
5492833
5492882
5493132
5493166
5493167
5493204
5493798
5494017
5494186
5494228
5494874
5494903
5494998
5495021
5495094
5495195
5495240
5496224
5496227
5496962
5497033
5497252
5497323
5497363
5497589
5497955
5497980
5498020
5498197
5498422
5498504
5498551
5498871
5499251
5500175
5500268
5500554
5500811
5500816
