5039335
5039617
5040390
5040439
5040684
5040814
5040878
5040946
5040952
5041230
5041504
5041589
5041929
5042127
5042130
5042302
5042372
5042491
5042547
5042625
5042871
5042894
5042912
5043186
5043409
5043474
5043546
5043708
5043801
5043907
5043915
5044104
5044112
5044327
5044386
5044465
5044730
5045241
5045436
5045490
5045735
5045994
5046004
5046191
5046271
5046662
5046786
5046805
5046913
5046969
5047089
5047265
5047883
5047977
5048294
5048491
5048549
5048569
5048580
5048728
5048869
5048962
5049215
5049442
5049564
5049661
5049822
5049850
5050327
5050465
5051219
5051279
5051405
5051422
5051555
5051589
5051797
5051829
5051931
5051982
5052231
5052278
5052427
5052739
5052873
5052917
5053161
5053328
5053349
5053503
5053621
5053637
5053641
5053884
5054025
5054158
5054304
5054383
5054452
