1909515
1909569
1909602
1909639
1909759
1909764
1909941
1910089
1910174
1910684
1910765
1910783
1910836
1910938
1910956
1911001
1911544
1911748
1911998
1912014
1912188
1912214
1912280
1912328
1912881
1912911
1913089
1913157
1913209
1913317
1913409
1913556
1913981
1914009
1914105
1914158
1914167
1914270
1914316
1914420
1914934
1915278
1915870
1916127
1916175
1916241
1916267
1916449
1916497
1916586
1916701
1916707
1916721
1916767
1916954
1916958
1916967
1917148
1917253
1917276
1917325
1917355
1917417
1917465
1917564
1917654
1917658
1917671
1917741
1917742
1917744
1917792
1918031
1918408
1918456
1918506
1918520
1918609
1918645
1918869
1918889
1918993
1919169
1919341
1919469
1919580
1919871
1919931
1919939
1919950
1919987
1920050
1920109
1920207
1920218
1920241
1920399
1920409
1920474
1920568
