16312151
16313264
16313310
16313340
16313812
16314415
16314473
16314565
16314751
16314848
16314859
16315559
16315629
16316858
16318371
16318440
16318500
16318579
16319153
16319459
16319790
16319970
16321397
16322260
16322661
16322747
16322943
16324276
16324467
16324639
16324674
16325090
16325228
16325742
16325873
16326046
16326497
16327441
16327687
16328814
16329269
16329500
16330799
16330812
16330840
16331113
16331381
16332809
16333199
16333406
16333520
16333679
16333880
16334039
16334549
16335311
16336110
16336133
16336212
16336442
16336478
16336644
16337522
16337739
16337876
16337996
16338129
16338477
16338636
16340353
16341164
16341748
16342830
16342960
16342971
16343054
16343573
16344839
16344944
16345286
16346419
16346668
16347082
16347966
16348525
16348681
16348716
16348742
16349558
16349716
16350313
16351204
16351585
16352263
16352661
16353513
16355223
16355595
16356696
16356842
