93429
93467
93501
93505
93515
93524
93646
93796
93885
94063
94268
94318
94337
94496
94602
94621
94749
94997
95055
95069
95156
95171
95232
95248
95329
95351
95426
95573
95591
95593
95611
95699
95702
95741
95772
95824
95911
95919
96007
96212
96367
96386
96402
96455
96470
96473
96497
96541
96557
96584
96694
96712
96780
96829
96839
96888
97081
97336
97349
97498
97576
97592
97794
98017
98104
98128
98143
98193
98196
98218
98354
98483
98543
98615
98634
98656
99155
99177
99179
99500
99586
99662
99747
99892
99896
100145
100370
100719
100992
101048
101079
101089
101159
101193
101323
101388
101686
101738
101803
102039
