6956885
6958699
6958981
6959450
6959545
6959547
6960063
6960425
6960517
6960784
6961044
6961353
6961679
6961909
6962119
6962344
6962594
6962625
6963181
6963184
6963512
6963526
6963635
6963769
6963866
6964073
6964108
6964388
6964572
6965018
6965845
6965955
6966462
6967503
6967568
6968896
6969151
6969277
6970064
6970523
6970923
6971448
6971668
6971747
6971785
6972100
6972290
6972870
6972924
6973420
6973543
6973714
6974140
6974252
6974375
6974550
6974676
6975107
6976118
6976372
6976968
6977975
6978062
6978116
6978153
6978371
6978399
6978487
6978580
6978721
6978885
6978915
6979009
6979304
6979410
6980144
6980319
6980473
6980480
6982034
6982714
6983022
6983208
6983259
6983345
6983475
6983519
6984175
6984336
6984546
6984750
6984890
6985548
6985573
6986514
6986581
6986980
6986991
6987173
6987221
