28891136
28891888
28892097
28892157
28893055
28894427
28896283
28900029
28900670
28901320
28901379
28901768
28902187
28904233
28905257
28905702
28905894
28905895
28906089
28910971
28912173
28914647
28914722
28916586
28916936
28918360
28920212
28924022
28926608
28927847
28928183
28928188
28929906
28932423
28932501
28932745
28934432
28935734
28935936
28942045
28942258
28942277
28942434
28943003
28943748
28943943
28944680
28944749
28945685
28947261
28947651
28952270
28953018
28953235
28954387
28954631
28955021
28955720
28956194
28957818
28958060
28961173
28961490
28961699
28961702
28963143
28963586
28966369
28971683
28975977
28977003
28984423
28984662
28984822
28984879
28984963
28988625
28988964
28990971
28992058
28992531
28994514
28995686
28999687
28999985
29002742
29003543
29003932
29005540
29005913
29007850
29010055
29011345
29013205
29014373
29014426
29015712
29017128
29019012
29019939
