1133719
1133735
1133843
1133982
1134204
1134300
1134355
1134384
1134456
1134536
1134669
1134750
1134751
1134752
1134768
1134940
1135049
1135087
1135149
1135162
1135436
1135528
1135588
1135881
1135975
1135994
1136072
1136301
1136359
1136405
1136888
1136943
1137080
1137254
1137398
1137408
1137553
1137643
1137778
1137898
1138007
1138343
1138538
1138601
1138637
1138638
1138959
1139118
1139213
1139372
1139707
1140105
1140163
1140523
1140535
1140540
1140693
1140747
1140750
1140855
1140954
1141056
1141293
1141343
1141516
1141607
1141774
1141776
1141831
1141853
1142040
1142085
1142093
1142276
1142376
1142439
1142601
1142810
1142978
1143268
1143271
1143281
1143300
1143572
1143668
1143689
1143765
1143768
1143776
1143863
1144051
1144148
1144269
1144434
1144438
1144466
1144528
1144566
1144645
1144692
