351175
351246
351339
351468
351537
351539
351570
351657
351681
351699
351897
351899
351976
352152
352231
352309
352408
352767
353227
353273
353343
353451
353526
353552
353967
354171
354371
354395
354471
354545
354623
354715
354738
354862
354936
354954
355321
355345
355467
355509
355607
355614
355619
355666
355854
356051
356253
356289
356305
356340
356373
356717
356725
356873
356910
356932
357141
357360
357665
358359
358576
358749
358781
359375
359460
359548
359577
359702
359715
359743
359766
359816
360132
360345
360589
360709
360973
361030
361108
361125
361525
361566
361652
361659
362086
362153
362383
362546
362760
362823
362859
362889
362965
363021
363125
363162
363272
363356
363429
363507
