255347
255463
255477
255562
255738
255830
255906
256646
256755
257109
257147
257233
257320
257381
257387
257597
257667
257709
257792
257852
257959
258019
258069
258143
258206
258251
258281
258328
258400
258459
258668
258840
258873
259107
259154
259344
259420
259590
259723
259739
259911
260214
260397
260507
260548
260574
260692
260763
260813
260830
261035
261150
261251
261262
261343
261405
261662
261708
261879
262083
262464
262617
263083
263129
263368
263442
263561
263574
263595
263649
263677
263698
263709
263856
263927
263953
263995
264033
264102
264162
264219
264314
264414
264483
264543
264619
264661
264706
264832
264945
264971
265125
265551
265989
265998
266032
266055
266149
266192
266572
