4738393
4738618
4738694
4738842
4738969
4739042
4739079
4739093
4739169
4739188
4739283
4739330
4739374
4739415
4739457
4739468
4739713
4739746
4739855
4739932
4740029
4740073
4740171
4740564
4740641
4740685
4741030
4741274
4741321
4741683
4741878
4741973
4742472
4742512
4742674
4742716
4742757
4742920
4742974
4743026
4743109
4743183
4743302
4743712
4743779
4743814
4743828
4744368
4744534
4744535
4744654
4744662
4744695
4744768
4744811
4744994
4745065
4745081
4745114
4745376
4745425
4745626
4745643
4745713
4745735
4745764
4745906
4746201
4746376
4746381
4746502
4746805
4746923
4747008
4747038
4747109
4747150
4747215
4747232
4747348
4747400
4747529
4747570
4747720
4747863
4748250
4748282
4748729
4748825
4748840
4748843
4748959
4749022
4749257
4749307
4749540
4749834
4749924
4750082
4750427
