10299716
10299849
10300737
10301025
10301522
10302594
10302760
10302779
10303690
10304106
10304566
10304570
10304834
10305766
10306287
10306925
10307309
10308142
10308603
10308629
10308689
10308813
10308842
10308984
10309141
10309298
10309582
10310143
10310196
10310447
10310619
10310692
10310757
10311017
10311706
10311735
10312253
10312307
10312825
10312845
10313038
10313317
10313403
10313433
10313438
10313594
10313631
10313701
10313930
10314469
10314662
10314972
10315239
10315295
10315462
10315601
10315864
10316844
10317090
10318419
10318483
10318678
10319665
10319785
10320044
10320348
10320729
10322402
10322419
10322798
10323048
10323505
10323556
10323950
10325137
10325876
10326079
10326094
10326893
10327822
10328205
10328530
10328756
10328925
10328983
10329160
10329458
10329518
10330791
10331355
10331402
10331772
10332048
10332140
10333415
10334781
10335144
10335449
10335626
10335646
