1164271
1164305
1164352
1164430
1164618
1164745
1164799
1164833
1164880
1164912
1164995
1165024
1165351
1165387
1165412
1165572
1165700
1165720
1165752
1165884
1165964
1166003
1166117
1166129
1166230
1166264
1166452
1166735
1166782
1166783
1166794
1167077
1167085
1167124
1167146
1167461
1167494
1167587
1167696
1167707
1167776
1167884
1167935
1168078
1168127
1168291
1168360
1168456
1168617
1169034
1169299
1169416
1169462
1169534
1169678
1169760
1169859
1169882
1169936
1169974
1170451
1170475
1170687
1170725
1170729
1171214
1171266
1171334
1171427
1171439
1171605
1171624
1171686
1171698
1171704
1171970
1172252
1172400
1172523
1172628
1172643
1172664
1172762
1172791
1172831
1172964
1173005
1173055
1173077
1173181
1173262
1173514
1173639
1173776
1173997
1174001
1174007
1174102
1174293
1174337
