3878520
3878534
3878759
3878793
3878915
3878966
3879062
3879299
3879362
3879373
3879375
3879622
3879652
3879685
3879981
3880117
3880223
3880309
3880536
3880597
3880853
3880932
3881019
3881078
3881213
3881454
3881494
3882429
3882528
3882549
3882627
3882736
3883007
3883081
3883505
3883618
3883797
3884047
3884085
3884112
3884230
3884263
3884282
3884378
3884433
3884495
3884579
3884651
3884667
3884699
3884704
3884863
3884872
3884999
3885227
3885381
3885531
3885852
3886002
3886090
3886295
3886636
3886865
3886954
3887222
3887317
3887412
3887473
3887596
3887689
3887716
3888018
3888229
3888372
3888580
3888609
3888619
3888921
3889389
3889459
3889552
3889622
3889707
3889742
3889812
3889992
3890080
3890155
3890184
3890358
3890429
3890780
3890814
3891229
3891396
3892097
3892577
3892672
3892861
3892990
