31768549
31771564
31771840
31772492
31772681
31775177
31778509
31779172
31780663
31781751
31782005
31782122
31783680
31785897
31786206
31786258
31787536
31788043
31788181
31788820
31788830
31791024
31791493
31791802
31792114
31793437
31794209
31795817
31797434
31798195
31799135
31799695
31800716
31800849
31804997
31805487
31807335
31809644
31810945
31811305
31812536
31813821
31815272
31815827
31816275
31819324
31819748
31822617
31825355
31827022
31831499
31831994
31833522
31836266
31836815
31838068
31838344
31838855
31842869
31844414
31845552
31846392
31848278
31850255
31852266
31855967
31856679
31857510
31859285
31859794
31862781
31863589
31865892
31866729
31867270
31869064
31869141
31869440
31869856
31870004
31871269
31875458
31876684
31877444
31877491
31879352
31880886
31881820
31882068
31882867
31883025
31883254
31884151
31884288
31884988
31885144
31886959
31887263
31889183
31891229
