17987575
17988051
17989242
17989392
17989794
17990048
17990204
17990411
17990543
17991330
17991552
17991806
17992979
17993089
17994086
17994521
17998286
17998540
17999046
17999150
18000401
18000750
18000854
18001187
18003298
18003426
18005491
18005780
18006808
18007158
18007510
18008063
18008487
18008792
18010516
18012654
18012828
18015417
18015596
18015770
18016325
18016585
18017815
18017998
18018273
18018961
18019706
18020065
18020446
18020592
18021637
18022362
18022421
18022673
18023440
18023682
18024253
18026582
18026659
18026774
18027451
18028145
18029803
18031328
18032731
18033471
18033897
18034180
18035646
18036541
18036928
18036960
18037381
18038206
18038963
18040391
18041392
18043864
18044078
18044993
18045266
18045277
18045868
18047836
18047866
18047902
18048459
18048567
18048948
18049334
18049820
18050245
18050450
18050858
18051166
18051314
18052002
18053028
18054218
18054897
