7889205
7889243
7889461
7889487
7889589
7889662
7889708
7889718
7889846
7889993
7890093
7891288
7891429
7891442
7891770
7891844
7891949
7892092
7892248
7892538
7892648
7892897
7892994
7893499
7893518
7893551
7893768
7894048
7894049
7894093
7894407
7894543
7894792
7894953
7895271
7895298
7895302
7895344
7895374
7895375
7895934
7895968
7896305
7896592
7896897
7897135
7897287
7897325
7897605
7898038
7898407
7898639
7899077
7899415
7899426
7899437
7899652
7900960
7901101
7901444
7902112
7902490
7902580
7902691
7902828
7903142
7903173
7903618
7903635
7903755
7904290
7904319
7904946
7905046
7905343
7905486
7905659
7905901
7906079
7906131
7906235
7906403
7906595
7906697
7906817
7906906
7907119
7907180
7907643
7907806
7907875
7907899
7907907
7908080
7908118
7908312
7908973
7909184
7909301
7909404
