289767
289933
289982
290045
290205
290438
290540
290544
290545
290689
290866
290929
290955
290973
291106
291222
291400
291502
291552
291574
291580
291655
291748
291763
291803
291869
291933
291957
292076
292278
292641
292853
292887
293029
293033
293052
293081
293164
293173
293318
293325
293684
293816
294039
294049
294298
294354
294367
294392
294756
294850
294900
294912
295045
295061
295079
295335
295511
295591
295609
295681
295919
296207
296382
296672
296762
296828
296933
297003
297151
297166
297287
297329
297404
297615
297670
298098
298171
298220
298257
298366
298468
298490
298511
298549
298667
298806
298890
298964
299019
299032
299042
299053
299229
299898
299933
300074
300201
300380
300406
