19548140
19549367
19549385
19550492
19551000
19551281
19551389
19551526
19551593
19551920
19552245
19552304
19552367
19553294
19553364
19554069
19554509
19554881
19554965
19555783
19555936
19556440
19557425
19557627
19558108
19561482
19561616
19561848
19562396
19562964
19563241
19564847
19565339
19567459
19568794
19572857
19575379
19577083
19577693
19577924
19580264
19582895
19583050
19583136
19585530
19585978
19586794
19587148
19588851
19589806
19590098
19591602
19593637
19593903
19594787
19594868
19596855
19600972
19601028
19601906
19602117
19602943
19606326
19607201
19607662
19612684
19613206
19614645
19615614
19615938
19615959
19616157
19616786
19616789
19617166
19617493
19619043
19620026
19622061
19622391
19623627
19623787
19624588
19625785
19626150
19626629
19627177
19627262
19627841
19631463
19632011
19634781
19634852
19634996
19635122
19635657
19635918
19636097
19636699
19636872
