37498572
37500192
37500222
37501474
37512122
37515333
37515806
37516896
37517553
37518028
37518788
37521344
37522831
37523348
37524605
37525850
37526864
37528737
37529168
37535151
37535784
37536945
37537274
37537877
37540502
37543579
37545856
37546058
37553561
37554723
37555192
37556301
37556346
37557220
37559680
37562519
37562826
37563838
37565080
37567006
37567231
37567887
37568185
37569150
37569409
37570790
37570999
37571210
37575334
37579821
37580491
37581338
37582002
37584783
37586533
37587391
37588888
37589110
37589238
37589418
37589734
37593682
37595102
37595190
37599265
37601957
37603716
37604658
37608517
37613408
37614828
37615045
37615874
37615960
37615985
37619683
37625209
37625907
37626175
37626200
37630665
37638376
37640035
37644331
37650596
37654782
37654955
37660885
37666000
37669903
37671038
37678060
37678231
37679121
37683086
37683236
37685624
37687682
37688578
37688670
