3019622
3019884
3020329
3020334
3020347
3020560
3020662
3020682
3020711
3020735
3020946
3021043
3021098
3021233
3021300
3021442
3021548
3021906
3022023
3022027
3022185
3022200
3022242
3022258
3022283
3022323
3022327
3022370
3022581
3022672
3022756
3022891
3022972
3022990
3022994
3023041
3023520
3023823
3023933
3024006
3024008
3024264
3024348
3024358
3024643
3025249
3025255
3025358
3025547
3025601
3025977
3026033
3026036
3026210
3026303
3026500
3026556
3026618
3026620
3026804
3026965
3026974
3026983
3027143
3027233
3027318
3027599
3027890
3027904
3028233
3028242
3028292
3028323
3028406
3028546
3028608
3029348
3029554
3029647
3029851
3029901
3030026
3030110
3030118
3030142
3030331
3030495
3030557
3031017
3031128
3031274
3031328
3031464
3031622
3031761
3031808
3031852
3031893
3031995
3032009
