15827904
15828497
15829401
15829669
15830425
15830490
15830566
15831181
15831576
15831577
15832115
15832299
15832412
15833279
15833720
15834110
15834729
15834792
15835339
15835751
15835832
15837306
15837614
15838096
15838140
15838489
15839881
15840072
15840155
15840460
15841087
15841180
15842805
15843029
15843611
15844030
15844239
15845141
15848399
15848699
15849662
15849752
15850124
15850374
15850647
15850723
15851957
15852677
15852759
15853008
15853087
15854944
15855000
15855786
15856154
15856972
15857281
15858153
15858195
15858959
15859005
15859708
15859755
15861430
15861579
15862540
15862995
15863128
15863714
15864236
15864272
15864285
15864389
15865018
15865929
15867548
15868853
15868907
15869045
15869221
15869283
15869367
15871045
15871723
15871926
15871970
15872238
15872435
15872588
15872838
15873552
15874226
15874320
15874969
15875214
15875267
15875427
15875507
15879370
15879640
