12454389
12454519
12454792
12455208
12455264
12455441
12456741
12458281
12459340
12460448
12460857
12461758
12462475
12462537
12463408
12463611
12463944
12464048
12465119
12465396
12465926
12466274
12466416
12467526
12467527
12467604
12467737
12468875
12468904
12469020
12470408
12470701
12470790
12471360
12471475
12471612
12471635
12471845
12472012
12473075
12473379
12474041
12474281
12474406
12476051
12477359
12478214
12478887
12480417
12480813
12480887
12481345
12481582
12481731
12481797
12481925
12482005
12482053
12482400
12483205
12483320
12483470
12484275
12484681
12485160
12486304
12486449
12487517
12489409
12490036
12490365
12490451
12490772
12490943
12491230
12492061
12492365
12492371
12492557
12493559
12493582
12493702
12493780
12494460
12494658
12494961
12495030
12495369
12495648
12495894
12495897
12495969
12496189
12496275
12496299
12496561
12496728
12496923
12497264
12497302
