3341027
3341092
3341123
3341260
3341309
3341467
3341470
3341879
3342025
3342067
3342419
3342803
3342863
3343114
3343197
3343378
3343506
3343739
3343896
3344016
3344186
3344203
3344481
3344577
3344642
3344740
3344747
3344776
3344867
3344989
3345004
3345124
3345344
3345392
3345638
3345714
3345775
3345824
3345993
3345995
3346060
3346271
3347076
3347100
3347119
3347174
3347307
3347722
3347765
3347828
3347850
3347857
3347937
3348377
3348479
3348648
3348721
3349192
3349367
3349430
3349501
3349514
3349515
3349566
3349791
3349903
3349906
3349937
3349957
3350017
3350047
3350086
3350161
3350419
3350559
3350727
3350999
3351096
3351107
3351519
3351609
3351649
3351824
3351861
3352166
3352212
3352227
3352292
3352315
3352631
3352925
3352926
3353231
3353265
3353310
3353646
3353835
3353939
3353962
3354032
