2330665
2330732
2330771
2331029
2331258
2331275
2331379
2331455
2331463
2331518
2331539
2331540
2331541
2331545
2331553
2331644
2331656
2331658
2331679
2331688
2332005
2332148
2332199
2332417
2332774
2333039
2333066
2333115
2333268
2333439
2333501
2333729
2333848
2333893
2334026
2334282
2334672
2334689
2334899
2335022
2335061
2335197
2335262
2335299
2335377
2335777
2335975
2336378
2336414
2336444
2336560
2336595
2337103
2337642
2337651
2337815
2337850
2337891
2338083
2338293
2338462
2338512
2338543
2338568
2338717
2338732
2339407
2339435
2339448
2339499
2339875
2340079
2340220
2340400
2340656
2341206
2341492
2341563
2341688
2341877
2341990
2342062
2342151
2342235
2342536
2342613
2342818
2342905
2342944
2343092
2343256
2343269
2343400
2343446
2343683
2343964
2344289
2344398
2344552
2344672
