1631217
1631223
1631326
1631388
1631449
1631632
1631681
1631759
1631868
1631921
1631950
1632022
1632164
1632189
1632342
1632400
1632541
1632836
1632997
1633253
1633278
1633360
1633402
1633423
1633531
1633642
1633689
1633997
1634025
1634152
1634331
1634338
1634514
1634728
1634852
1634863
1634941
1635020
1635104
1635110
1635175
1635223
1635299
1635300
1635476
1635481
1635606
1635785
1635793
1635964
1635977
1635986
1635990
1636162
1636196
1636239
1636361
1636501
1636515
1636666
1636740
1636797
1636964
1637093
1637120
1637410
1637417
1637740
1637783
1637878
1637975
1637979
1637985
1638034
1638135
1638342
1638377
1638432
1638592
1638756
1639102
1639483
1639569
1639590
1639604
1639700
1639727
1639764
1639799
1639840
1639869
1639949
1639987
1639991
1640261
1640644
1640741
1640761
1640794
1640816
