1044823
1044900
1045091
1045300
1045305
1045423
1045604
1045688
1045946
1046026
1046126
1046228
1046316
1046533
1046661
1046766
1046816
1046822
1047005
1047021
1047030
1047053
1047272
1047373
1047378
1047587
1047767
1047892
1048154
1048518
1048532
1048977
1049137
1049144
1049188
1049237
1049486
1049573
1049773
1049802
1049845
1049883
1050030
1050179
1050299
1050310
1050398
1050454
1050476
1050734
1050799
1051025
1051140
1051182
1051411
1051678
1051714
1051760
1051989
1052027
1052075
1052125
1052194
1052212
1052356
1052368
1052408
1052577
1052579
1052697
1052711
1052783
1052917
1053059
1053222
1053388
1053535
1053918
1053981
1054038
1054044
1054063
1054099
1054109
1054116
1054222
1054243
1054283
1054390
1054964
1055148
1055203
1055548
1055564
1055659
1055665
1055672
1055698
1055788
1055827
