31891838
31892225
31898763
31899808
31902160
31902325
31903608
31908582
31908765
31909763
31909799
31909933
31910483
31911756
31912034
31913453
31913735
31916701
31919873
31921122
31921516
31922295
31923910
31925058
31925581
31925846
31926529
31927420
31927952
31930195
31932804
31934216
31935093
31935200
31936223
31937066
31939870
31940080
31940867
31941287
31942513
31942670
31943915
31944145
31944373
31949780
31950776
31950841
31951243
31951623
31953707
31953883
31953999
31955215
31959910
31959962
31962541
31965858
31965977
31973265
31986567
31988427
31990540
31990582
31994440
31995180
31996154
31996788
31997636
31998626
31999776
32002698
32002750
32004988
32005155
32013544
32014561
32022301
32022378
32022455
32023539
32023726
32026876
32029482
32029600
32030595
32031532
32032871
32034997
32035818
32037005
32039623
32044519
32045930
32048646
32051121
32052857
32053226
32053701
32056381
