993439
993467
993523
993551
993663
993815
993879
993882
993892
994064
994465
994670
994792
994804
995027
995042
995143
995186
995210
995298
995415
995478
995496
995512
995577
995651
995733
995739
995816
995838
995867
996020
996061
996144
996451
996481
996517
996563
996579
996726
996888
996920
997117
997148
997203
997327
997391
997443
997554
997618
997927
997978
998036
998159
998182
998310
998517
998643
998673
998853
998865
998954
998956
998983
999035
999062
999066
999074
999172
999183
999194
999229
999233
999380
999432
999491
999586
999637
999833
999885
999902
999947
1000147
1000173
1000181
1000207
1000355
1000504
1000520
1000611
1000620
1000646
1001178
1001263
1001319
1001340
1001459
1001499
1001519
1001572
