13486827
13487115
13487746
13488232
13488238
13488993
13489032
13490139
13490219
13490334
13490437
13491571
13492078
13492313
13492728
13493014
13493136
13495709
13496296
13497088
13497677
13498354
13499052
13499599
13499891
13500987
13502173
13502193
13502455
13503438
13504230
13505170
13505605
13505616
13507006
13507170
13507714
13508006
13508112
13508556
13508632
13509950
13510091
13510233
13511374
13512308
13512629
13512934
13513013
13513200
13513282
13514579
13514636
13514671
13514937
13515038
13515096
13515163
13515194
13516060
13517214
13517265
13517296
13517419
13517529
13519162
13520093
13520410
13520855
13521161
13521401
13521721
13521815
13521879
13521977
13523668
13523728
13524307
13524825
13526637
13526706
13527029
13528772
13529272
13529374
13530171
13530915
13531620
13531655
13532250
13532456
13532723
13532816
13533839
13535146
13535698
13535849
13536950
13537335
13537522
