22369342
22369832
22369869
22372967
22373262
22373414
22373490
22375989
22378064
22378179
22378359
22379318
22379592
22381980
22382238
22382875
22383537
22383947
22384043
22385708
22386199
22386797
22386971
22390800
22390937
22390973
22393544
22394507
22395477
22396601
22396690
22396796
22397115
22397756
22397972
22398034
22398196
22400218
22400887
22401523
22401968
22403578
22404212
22406324
22408547
22408844
22408888
22409485
22409825
22411724
22412869
22412924
22413036
22413377
22413551
22413977
22414216
22414339
22415081
22417753
22420322
22420622
22424640
22425248
22426845
22427047
22428593
22428697
22429874
22430249
22430303
22430813
22431081
22431128
22432034
22432598
22433934
22434384
22434568
22435022
22435478
22435546
22436184
22436254
22436557
22436726
22437021
22437514
22437711
22438042
22439040
22439945
22440020
22440022
22441195
22442895
22443732
22446115
22447216
22447522
