6720244
6720751
6720911
6721123
6721219
6721755
6721886
6722627
6722720
6723983
6724692
6725256
6725826
6727115
6727313
6728013
6728128
6728975
6729297
6729518
6729818
6729848
6730313
6731127
6731344
6732037
6733391
6734195
6734406
6734558
6735027
6735045
6735196
6735236
6735783
6735966
6736585
6736851
6737046
6738039
6738108
6738420
6739519
6740125
6740786
6742185
6742560
6742907
6743217
6743597
6743658
6744163
6744622
6744655
6745611
6745648
6745731
6746917
6747128
6747383
6747618
6747665
6747738
6748942
6749243
6749403
6749457
6751202
6751354
6751438
6751444
6751490
6751590
6752061
6752218
6752225
6752459
6752681
6752737
6752748
6752835
6752909
6753014
6753258
6753394
6753550
6754065
6754202
6754315
6754441
6754725
6757103
6757149
6757519
6758034
6758395
6758419
6758427
6758667
6758860
