1887103
1887114
1887341
1887391
1887570
1887717
1887721
1887766
1887894
1888079
1888142
1888187
1888257
1888297
1888336
1888357
1888621
1888750
1888865
1888973
1888980
1889305
1889426
1889672
1889692
1889721
1889945
1890644
1890713
1890839
1890901
1890933
1890943
1891212
1891279
1891284
1891435
1891461
1891512
1891580
1891652
1891692
1891790
1891897
1892195
1892293
1892635
1892652
1892663
1892712
1892787
1892792
1892916
1892928
1892966
1893023
1893661
1893883
1893951
1894003
1894135
1894138
1894410
1894482
1894488
1894501
1894677
1894696
1894798
1894862
1894867
1894945
1894996
1895029
1895069
1895321
1895445
1895470
1895562
1895621
1895628
1895639
1895731
1895838
1895960
1895967
1896010
1896071
1896363
1896399
1896483
1896541
1896713
1896873
1896900
1897026
1897200
1897227
1897484
1897513
