2319956
2320004
2320109
2320116
2320119
2320189
2320203
2320250
2320292
2320487
2320615
2320628
2320847
2320890
2320943
2321010
2321235
2321453
2321941
2322017
2322091
2322105
2322113
2322175
2322341
2322390
2322565
2323024
2323099
2323141
2323157
2323502
2323605
2323649
2323793
2323794
2324053
2324357
2324429
2324622
2324624
2324734
2324840
2324936
2325467
2325482
2325756
2325806
2325809
2325979
2326035
2326163
2326190
2326292
2326314
2326386
2326480
2326763
2326768
2326846
2326916
2327014
2327078
2327196
2327459
2327466
2327641
2327692
2327707
2327886
2328007
2328015
2328042
2328044
2328101
2328189
2328248
2328322
2328336
2328396
2328463
2328571
2328811
2328917
2329011
2329065
2329146
2329168
2329368
2329651
2329815
2329860
2329866
2330106
2330114
2330559
2330560
2330568
2330570
2330572
