64871
64914
64983
65207
65426
65467
65515
65768
65940
66173
66301
66434
66581
66673
66739
66931
66949
67156
67257
67451
67491
67522
67525
67539
67585
67954
68030
68033
68514
68544
68715
68946
69099
69374
69413
69456
69490
69494
69527
69648
69759
69809
69909
70078
70118
70211
70246
70479
70643
70665
70668
70769
70786
71064
71086
71272
71276
71295
71297
71340
71393
71520
71698
71756
72335
72369
72471
72593
72656
72729
72771
72800
72869
72904
72982
72997
73038
73354
73490
73589
73843
73849
74010
74150
74237
74259
74424
74658
74704
75094
75117
75230
75237
75310
75315
75317
75319
75320
75359
75360
