784471
784544
784562
784568
784716
784739
784772
784856
784867
784920
784925
784936
784980
785044
785045
785047
785122
785262
785273
785279
785504
785512
785583
785591
785629
785643
785649
785690
785727
785770
785867
785885
785973
786016
786030
786109
786200
786204
786353
786389
786390
786434
786611
786699
786785
786821
786832
786918
787133
787312
787313
787314
787454
787554
787748
787851
787967
788082
788407
788530
788550
788810
788845
788990
788999
789049
789091
789133
789245
789329
789336
789397
789457
789460
789482
789641
789800
789978
790099
790159
790187
790333
790348
790403
790572
790661
790809
790964
791025
791104
791133
791166
791265
791412
791463
791583
791621
791681
791869
791972
