25957664
25959536
25959621
25962513
25963355
25964199
25965718
25966355
25967562
25969302
25969487
25969543
25970015
25970564
25971150
25972053
25972335
25975098
25976944
25977895
25978068
25978378
25978565
25978679
25979553
25979867
25980439
25981671
25981773
25982876
25982928
25983402
25983640
25983834
25984937
25986069
25986352
25987008
25987059
25989410
25991006
25993257
25995053
25996308
25996747
26002388
26002638
26002772
26006483
26007554
26012236
26012594
26012860
26013590
26025162
26029253
26031457
26031635
26034097
26034814
26034850
26035123
26036655
26036920
26038019
26038443
26038600
26042482
26043009
26043488
26044504
26045282
26045799
26047141
26047226
26048385
26049955
26050039
26050267
26053843
26054730
26055154
26059681
26062632
26063284
26063433
26065293
26067537
26067574
26069745
26070523
26070620
26070945
26071162
26072709
26072903
26074339
26074718
26075335
26076609
