662278
662470
662548
662821
662825
662855
662917
662990
663336
663361
663472
663479
664101
664207
664431
664544
664582
664587
664635
664692
664727
664819
664842
665056
665136
665233
665257
665259
665341
665346
665357
665584
665605
665693
665776
666020
666044
666103
666174
666280
666400
666618
666841
666892
666902
666966
666994
667037
667059
667272
667300
667315
667356
667358
667419
667663
667667
668083
668250
668420
668602
668615
668806
668881
668895
669206
669327
669487
669683
669773
670054
670286
670434
670562
670572
670769
670791
670840
670909
671182
671279
671316
671457
671542
671581
671586
671775
671820
671830
671834
671879
671989
672271
672413
672625
672756
672769
672874
672979
