13099830
13100399
13100711
13101632
13103739
13104526
13105512
13106783
13106852
13107911
13108191
13108213
13108386
13108817
13109316
13111278
13111761
13112178
13112271
13112345
13112496
13112541
13113069
13113927
13114304
13114350
13115930
13117373
13119981
13121037
13122171
13122956
13123070
13123392
13123845
13124261
13124427
13125468
13125501
13125556
13125747
13125869
13126620
13126896
13127451
13127468
13128549
13129069
13129098
13129143
13130085
13130089
13131441
13131744
13133290
13133297
13133793
13134426
13134545
13135381
13135706
13138350
13138569
13138584
13138878
13139052
13139177
13139391
13139675
13139916
13140279
13140307
13140662
13141684
13141987
13142453
13142837
13142847
13142853
13142860
13143734
13144408
13144483
13144845
13146103
13146478
13146586
13147446
13147557
13148756
13149179
13149458
13150334
13150605
13150828
13150917
13151040
13151475
13152934
13153843
