30420017
30427023
30429014
30429019
30430547
30430609
30432424
30436553
30438354
30438448
30441011
30441892
30443356
30443404
30443632
30444127
30445151
30446381
30448010
30448043
30448306
30449964
30450307
30450868
30452546
30454583
30461131
30462263
30462332
30466132
30468888
30469474
30469763
30469890
30471014
30471226
30473091
30473704
30474362
30474663
30475314
30476398
30478542
30478830
30479893
30481872
30482391
30483139
30484365
30484945
30484962
30485080
30485334
30485590
30486410
30489828
30491625
30492187
30492986
30494340
30494381
30494461
30494575
30495434
30495439
30496558
30497699
30498097
30498110
30499345
30499551
30501070
30501262
30501599
30502608
30503113
30507543
30514001
30514583
30515734
30518406
30520090
30520373
30520856
30521109
30522652
30523067
30523233
30523624
30525474
30525714
30526163
30526260
30526360
30529726
30535231
30535238
30538169
30538697
30540165
