6212108
6212361
6212901
6213098
6213409
6213666
6213718
6213825
6213832
6213911
6213939
6213991
6214213
6214411
6214468
6215055
6215703
6216309
6217147
6217856
6218152
6218194
6218359
6218424
6219508
6220525
6220626
6221058
6221537
6221569
6221810
6221844
6221866
6222210
6222249
6222415
6222915
6223543
6223589
6223848
6224069
6224087
6224182
6224431
6224490
6224530
6224643
6225488
6225705
6225976
6226789
6226879
6227450
6227537
6228299
6228473
6228501
6228786
6228929
6228955
6229140
6229920
6230101
6230972
6231782
6232083
6232262
6232891
6233142
6233175
6233217
6233405
6233472
6233500
6234120
6234451
6234501
6235105
6235497
6235767
6235924
6236139
6236273
6236454
6236766
6237353
6237665
6238051
6238215
6238329
6238760
6238978
6240049
6240536
6240568
6240781
6240908
6240989
6241156
6241172
