868145
868158
868256
868486
868494
868547
868779
868816
868924
868976
869664
869732
869763
869885
869959
870077
870152
870162
870178
870235
870509
870517
870528
870755
870900
871024
871072
871096
871280
871317
871343
871439
871560
871844
871860
872026
872245
872317
872431
872456
872491
872525
872538
872571
872574
872771
873002
873029
873159
873242
873262
873342
873413
873500
873553
873786
873818
873858
873867
873902
873927
874009
874134
874202
874212
874250
874320
874363
874369
874638
874683
874872
874992
875070
875149
875170
875382
875532
875654
875860
875955
875986
876148
876163
876165
876255
876326
876328
876403
876464
876521
876554
876709
876790
876804
877052
877235
877327
877587
877659
