4124994
4125169
4125233
4125293
4125388
4125573
4125806
4126053
4126282
4126385
4126410
4126483
4126929
4127016
4127117
4127171
4127609
4127670
4128204
4128317
4129245
4129331
4129441
4129448
4129812
4129892
4129936
4130362
4130463
4130800
4131008
4131205
4131475
4131645
4131676
4131997
4132121
4132131
4132301
4132557
4132825
4132877
4132954
4133038
4133223
4133449
4133589
4133652
4133654
4133765
4133930
4133995
4134049
4134062
4134161
4134309
4134700
4134777
4134881
4134904
4134931
4135396
4135560
4135563
4135576
4135696
4135714
4135794
4135856
4136009
4136101
4136130
4136444
4137102
4137316
4137415
4137800
4137986
4138081
4138120
4138146
4138485
4138701
4138732
4138885
4138921
4139060
4139129
4139224
4139287
4139551
4139695
4139910
4140058
4140061
4140107
4140374
4140635
4140830
4141039
