1920653
1920726
1920814
1921076
1921165
1921227
1921249
1921441
1921577
1921887
1921904
1921984
1922095
1922135
1922442
1922494
1922544
1922675
1922750
1922821
1922840
1922878
1922942
1922975
1922992
1923083
1923147
1923159
1923277
1923329
1923410
1923430
1923514
1923526
1923535
1923549
1923643
1923696
1923749
1923873
1923958
1924043
1924131
1924165
1924168
1924234
1924278
1924281
1924306
1924321
1924457
1924486
1924514
1924628
1924676
1924693
1925063
1925135
1925309
1925430
1925788
1925833
1925870
1925952
1925986
1925994
1926074
1926094
1926096
1926163
1926318
1926562
1926708
1926961
1926990
1926997
1927069
1927155
1927232
1927365
1927594
1927745
1927916
1927981
1927982
1928050
1928123
1928150
1928173
1928593
1928614
1928951
1929131
1929459
1929593
1929673
1929756
1929766
1929845
