3286023
3286126
3286141
3286370
3286408
3286450
3286518
3286521
3286627
3286899
3286946
3287098
3287109
3287230
3287473
3287554
3287687
3287737
3288009
3288570
3288619
3288743
3288806
3288963
3289225
3289363
3289365
3289519
3289620
3289624
3289960
3290096
3290113
3290187
3290213
3290637
3290655
3290737
3291141
3291205
3291371
3291590
3291712
3292122
3292301
3292350
3292352
3292677
3292803
3293453
3293678
3293910
3293947
3294297
3294335
3294619
3294735
3294750
3294866
3295121
3295295
3295386
3295618
3295955
3296283
3296375
3296476
3296583
3296799
3296869
3297361
3297384
3297465
3297688
3297728
3297866
3298059
3298301
3298362
3298413
3298420
3298490
3299093
3299180
3299284
3299286
3299371
3299397
3299430
3299448
3299486
3299522
3299525
3299814
3299842
3300353
3300358
3300376
3300526
3300556
