8177150
8177242
8177488
8177762
8177788
8177888
8177894
8177917
8177959
8177967
8178084
8178586
8178767
8179287
8179379
8179452
8179757
8179833
8180130
8180201
8180390
8180484
8180568
8181064
8181184
8181230
8181446
8181469
8181516
8181956
8182353
8182456
8182562
8182626
8183124
8183568
8183580
8183677
8183802
8183820
8183870
8183994
8184090
8184273
8184311
8184658
8185066
8185642
8186128
8186300
8186423
8186425
8186860
8186975
8187342
8187431
8187457
8187745
8187818
8188222
8189635
8190117
8190464
8190471
8190496
8191010
8191340
8191377
8192020
8192119
8192303
8192525
8192556
8192818
8193046
8193109
8193597
8194485
8194683
8194786
8195160
8196111
8196641
8196695
8196852
8198038
8198074
8198092
8198508
8199070
8199285
8199370
8199662
8200890
8201051
8201458
8201535
8201695
8202377
8202539
