41183491
41183613
41183739
41185242
41190027
41190741
41191831
41193705
41194936
41198029
41198030
41198058
41206707
41209112
41214900
41215189
41216672
41217670
41218124
41218157
41221626
41225525
41227368
41228509
41236139
41236279
41238471
41239259
41241308
41241943
41244480
41245554
41247665
41250779
41253064
41253861
41255720
41255979
41257922
41260482
41261625
41264100
41267733
41268413
41273047
41275592
41275887
41280646
41283020
41285421
41287857
41288808
41289578
41307055
41308313
41309342
41311842
41313147
41314456
41316875
41317372
41318293
41321395
41324026
41327679
41328199
41328301
41329310
41331819
41334842
41335046
41336062
41336774
41339498
41340325
41341640
41342990
41349284
41355148
41360587
41362349
41362520
41367395
41372198
41372213
41374074
41382544
41387055
41388307
41388399
41388538
41393400
41394508
41397114
41397409
41403585
41405175
41407434
41412570
41414089
