14626124
14626372
14626725
14626953
14628871
14629337
14629473
14629918
14630265
14630424
14630458
14630686
14630976
14634172
14635612
14635889
14635897
14635966
14637055
14637521
14637756
14638240
14638324
14638743
14641339
14642544
14642630
14644906
14645290
14645664
14646849
14648757
14649383
14649550
14650252
14651425
14652367
14653253
14653988
14654199
14654742
14654752
14655842
14656127
14657410
14659187
14660988
14661674
14662016
14665024
14665037
14665879
14668316
14668742
14668781
14669954
14670147
14671418
14672925
14673460
14674926
14675230
14675405
14676579
14676895
14679563
14680509
14681882
14682506
14683012
14683421
14683949
14684876
14686161
14686722
14686929
14687196
14687290
14687578
14687958
14688401
14689706
14691371
14692573
14693280
14694368
14694855
14695920
14696805
14697347
14697859
14698179
14699604
14701011
14702515
14703132
14703303
14703676
14704944
14706715
