32818352
32818917
32818987
32819531
32822473
32822780
32823400
32825311
32825972
32826916
32827906
32829445
32829993
32833283
32835443
32835975
32837870
32840367
32842203
32843429
32843693
32843914
32844112
32844400
32844476
32844546
32849576
32852120
32853815
32853908
32854150
32854548
32855487
32862527
32863488
32863913
32864671
32866674
32867609
32869630
32870755
32871085
32872467
32872782
32873639
32875831
32875906
32879048
32880245
32883141
32883198
32883559
32883944
32884347
32884732
32885918
32886956
32887839
32888593
32891597
32892265
32893056
32894702
32895289
32895465
32900280
32900495
32901560
32902946
32905046
32905270
32905602
32906447
32908927
32909538
32910897
32911093
32912417
32912769
32912864
32912876
32912969
32914008
32914482
32915162
32915166
32916363
32917159
32924682
32924810
32924842
32925240
32925435
32925484
32926277
32930994
32931508
32931787
32932772
32934280
