13781035
13781484
13781532
13781857
13781997
13783377
13783743
13784103
13784206
13785144
13785302
13786862
13787050
13787147
13788076
13789375
13789432
13790701
13793537
13794042
13794199
13795078
13798343
13799352
13799578
13799823
13799840
13799846
13800453
13801974
13803140
13804832
13805431
13805549
13805604
13805689
13805723
13806258
13806859
13806975
13807480
13808505
13809707
13809982
13810040
13810219
13810259
13810764
13811028
13811078
13811658
13812136
13812897
13814223
13814663
13814862
13815233
13815630
13816426
13817747
13818512
13820165
13821000
13821013
13821091
13821353
13821477
13821502
13821628
13822487
13822979
13823691
13823958
13824556
13825230
13825727
13826558
13827475
13827890
13828302
13828542
13828902
13828975
13830164
13830379
13830565
13830964
13831015
13831380
13832338
13832534
13832604
13832736
13832919
13834182
13838499
13838550
13838760
13839555
13839914
