3576190
3576355
3576773
3576807
3576834
3576864
3576967
3577475
3577502
3577753
3577756
3577955
3578064
3578122
3578702
3578757
3578902
3578992
3579223
3579312
3579315
3579462
3579480
3579506
3579598
3579799
3579917
3580028
3580098
3580110
3580116
3580429
3580724
3580769
3580771
3581139
3581778
3581817
3581825
3581945
3581988
3582032
3582083
3582091
3582224
3582536
3582747
3582795
3583076
3583124
3583210
3583513
3583523
3584023
3584203
3584516
3584554
3584794
3585068
3585217
3585438
3585846
3585855
3585903
3586014
3586019
3586584
3586876
3587056
3587613
3587771
3587774
3587959
3588172
3588182
3588224
3588254
3588549
3588571
3588726
3589068
3589173
3589252
3589604
3589731
3589744
3589919
3589962
3589963
3590436
3590633
3590779
3590923
3591075
3591167
3591239
3591736
3591788
3592034
3592089
