4253759
4253911
4253940
4254017
4254103
4254272
4254604
4254670
4254919
4255096
4255420
4255521
4255848
4256272
4256327
4257100
4257118
4257199
4257255
4257298
4257386
4257396
4257405
4257422
4257692
4257694
4257710
4257744
4257833
4257902
4258025
4258352
4258492
4258845
4258853
4258905
4258924
4259038
4259039
4259150
4259200
4259223
4259340
4259374
4259412
4259453
4259801
4259856
4259926
4259952
4259967
4260153
4260156
4260476
4260549
4260741
4260814
4260851
4260873
4260955
4261364
4261365
4261386
4261414
4261446
4261618
4261678
4261800
4261979
4262204
4262225
4262246
4262375
4262423
4262527
4262538
4262547
4262591
4262657
4263028
4263117
4263119
4263205
4263212
4263221
4263241
4263398
4263534
4263698
4263725
4264260
4264848
4264897
4265017
4265452
4265455
4265766
4265883
4266199
4266221
