1864886
1865024
1865061
1865265
1865313
1865371
1865392
1865438
1865466
1865531
1865585
1865691
1865727
1865780
1865794
1865827
1866050
1866055
1866210
1866255
1866401
1866625
1866726
1866880
1866997
1867088
1867180
1867193
1867258
1867400
1867405
1867458
1867678
1867710
1867825
1867919
1867927
1867935
1868070
1868152
1868197
1868279
1868418
1868588
1868606
1868626
1868719
1868945
1868987
1869068
1869118
1869154
1869204
1869210
1869412
1869421
1869506
1869651
1869673
1869706
1869801
1869867
1869953
1869968
1869996
1870077
1870095
1870154
1870505
1870556
1870557
1870698
1870988
1871057
1871089
1871096
1871187
1871281
1871404
1871569
1871582
1871668
1871682
1871704
1872350
1872394
1872893
1873047
1873051
1873106
1873280
1873382
1873449
1873562
1873707
1873805
1873974
1873981
1873982
1873984
