33626883
33627918
33628496
33629322
33630987
33631898
33633005
33634007
33635745
33636506
33637824
33638503
33640484
33640649
33641071
33642743
33642831
33647470
33649241
33650364
33651188
33652803
33653083
33656259
33658649
33659433
33659595
33661194
33661218
33662181
33662825
33663594
33664224
33665803
33666324
33667124
33668056
33668386
33668410
33669075
33669457
33671912
33671949
33673202
33674236
33675452
33676350
33676374
33677801
33679846
33681617
33686993
33687687
33689626
33690108
33691873
33691953
33692043
33692166
33692461
33693069
33693468
33693652
33693762
33694376
33694659
33694977
33695225
33695453
33696130
33696991
33697966
33700214
33703345
33703671
33705081
33705143
33705347
33705473
33706749
33708152
33708715
33709803
33709900
33712173
33712411
33712549
33715096
33717406
33718039
33724822
33724855
33725283
33728404
33728887
33730085
33730197
33730944
33731233
33732756
