41417452
41424863
41426783
41431384
41432846
41435234
41439743
41447027
41449473
41450886
41452295
41454243
41454770
41456105
41456647
41458336
41460383
41462957
41463183
41467516
41468253
41468779
41472306
41473139
41473363
41473403
41477418
41483869
41485342
41487864
41488577
41488790
41492900
41495105
41496149
41500582
41501172
41504198
41505434
41507633
41507988
41509363
41510086
41510376
41510984
41511142
41511258
41518013
41520138
41526260
41529781
41531786
41535566
41536231
41539748
41541816
41543269
41543704
41543998
41545635
41547030
41553681
41553863
41555795
41561393
41564132
41565416
41571528
41573934
41574225
41579106
41579598
41582722
41582822
41583136
41584795
41585334
41587234
41587249
41592402
41594540
41594751
41595894
41597602
41599144
41603660
41604631
41606922
41608945
41609719
41612970
41616432
41618096
41618818
41621608
41626490
41629659
41630462
41630504
41630641
