418449
418565
418694
418943
418965
419295
419307
419440
419578
419586
419771
419820
419948
420174
420189
420445
420612
420817
421249
421476
421601
421837
422244
422358
422359
422562
422796
422843
423077
423187
423191
423274
423395
423473
423591
423647
423656
423673
423816
423885
424081
424254
424294
424383
424499
424536
424596
424683
424956
425244
425310
425335
425836
426015
426323
426497
426539
426653
426735
426768
426943
427375
427488
427755
428021
428060
428061
428225
428392
428787
429071
429799
430329
430473
430647
430674
430758
430820
430841
430963
430985
431253
431257
431278
431354
431377
431392
431429
431677
431681
431748
431954
432004
432274
432283
432405
432425
432870
433105
433426
