9080245
9080491
9081921
9082560
9082698
9082984
9083554
9083594
9083634
9083863
9086169
9086652
9088115
9088124
9088443
9088909
9088982
9089416
9089419
9089445
9089609
9090725
9091110
9092408
9092707
9094371
9095595
9095741
9096025
9097235
9097568
9097703
9098277
9098525
9098992
9099166
9099367
9099527
9099551
9099760
9100111
9100207
9100259
9100629
9100944
9101111
9101316
9101336
9101872
9102060
9102283
9102873
9103038
9103287
9103533
9103733
9103794
9103970
9104081
9104251
9104982
9105231
9105354
9105605
9105963
9106009
9106062
9106086
9106698
9107371
9107401
9107430
9107600
9107910
9108587
9108760
9109367
9109379
9109545
9109681
9109787
9109856
9109925
9109955
9110024
9110102
9110764
9110809
9111412
9111475
9111808
9111870
9111876
9112311
9113440
9114066
9114163
9115112
9115397
9115473
