11083047
11083839
11084035
11084823
11085363
11085636
11088445
11090580
11091582
11091688
11092656
11092904
11093143
11093292
11093746
11094014
11094253
11094512
11094737
11094754
11094832
11095028
11095495
11095616
11095839
11096181
11096737
11096848
11097063
11097328
11097400
11097758
11097902
11097916
11098030
11098336
11098345
11098615
11099298
11099487
11099666
11100393
11101134
11101581
11102806
11102931
11104004
11104272
11104502
11104505
11104565
11104622
11104668
11104966
11105075
11105281
11105311
11105938
11106785
11107415
11107489
11107525
11107529
11107780
11108028
11108037
11108811
11108839
11108896
11109641
11109838
11109867
11110126
11110283
11111169
11111256
11111955
11112071
11112148
11112346
11112387
11112578
11112583
11112834
11113875
11114212
11114256
11115077
11115090
11115113
11115121
11115590
11115624
11115847
11116405
11116718
11116790
11117078
11119207
11119672
