11926703
11926707
11927945
11927953
11928591
11928676
11928716
11928918
11929002
11929173
11930090
11930664
11930800
11931118
11931661
11932297
11932508
11933939
11934097
11934607
11934639
11935604
11936122
11936276
11936959
11937112
11937246
11937421
11937575
11937649
11938067
11938623
11939138
11939822
11939907
11940509
11940893
11940958
11941120
11942811
11942833
11943246
11943370
11944691
11944841
11944851
11945554
11945793
11946010
11946285
11946337
11946436
11946833
11946903
11947337
11947858
11948277
11948881
11949019
11949258
11949692
11949773
11949899
11950014
11950716
11950940
11952048
11952439
11952917
11953584
11954199
11954847
11954931
11955494
11956102
11957479
11957492
11958082
11958162
11959524
11961426
11963936
11963944
11963950
11964211
11964542
11967148
11967301
11967379
11967526
11967751
11969061
11969062
11970112
11971585
11971744
11972298
11972954
11974207
11974293
