6894634
6894985
6895262
6895344
6895597
6895795
6895882
6895893
6896107
6896324
6896706
6896723
6896862
6896997
6897038
6897930
6898401
6898586
6898590
6899812
6899865
6899974
6900929
6901369
6902070
6902386
6902457
6902466
6903098
6903250
6903440
6903493
6903956
6903995
6904213
6904301
6904653
6904782
6904922
6905729
6906058
6906159
6906255
6906691
6906862
6906944
6907523
6908081
6908795
6909775
6909793
6910039
6910136
6910737
6911049
6911061
6911146
6911230
6911454
6911844
6912386
6912981
6913113
6913151
6914066
6914204
6914422
6914762
6915008
6915207
6915505
6915768
6916026
6916327
6916826
6917161
6917826
6918390
6918524
6918765
6919411
6920252
6920918
6921052
6921960
6922521
6922558
6922572
6922667
6922945
6922997
6923190
6923200
6923309
6923583
6923776
6923827
6923952
6924164
6924374
