19781747
19784166
19784865
19786712
19787146
19788605
19790445
19791419
19793005
19794681
19794873
19795586
19795771
19796332
19797774
19797901
19799583
19799616
19799700
19799954
19801031
19801073
19803475
19804370
19806726
19806889
19807822
19808198
19808772
19808895
19810671
19812996
19813080
19813574
19813584
19813828
19814648
19815751
19816631
19817641
19818912
19820513
19822480
19825097
19826089
19827474
19827880
19829730
19829820
19830758
19830780
19830990
19831728
19833209
19833969
19834357
19836468
19836548
19837184
19838142
19838513
19839910
19841068
19841308
19841345
19842292
19843221
19843813
19847551
19847835
19849047
19850868
19851050
19852061
19852611
19853639
19854319
19854594
19855059
19855775
19856929
19857403
19858300
19858811
19858843
19860183
19860462
19860843
19861027
19861428
19861730
19862073
19862958
19862999
19863186
19864035
19864496
19864826
19865363
19868050
