7730494
7730648
7730965
7731147
7731245
7731391
7731663
7731874
7732023
7732125
7732217
7732352
7732930
7733174
7734399
7734450
7734801
7734817
7734903
7735225
7735519
7736297
7736323
7736406
7736416
7736427
7736451
7736869
7736922
7737084
7737254
7737371
7737555
7737935
7738040
7738093
7738216
7738249
7738261
7738418
7738791
7738793
7738852
7739217
7739574
7739740
7740131
7740327
7741120
7741612
7742136
7742552
7742997
7743066
7743080
7743157
7743188
7743254
7743531
7743911
7744082
7744621
7744748
7744968
7745401
7745501
7745535
7745615
7746063
7746262
7746428
7746946
7747151
7747574
7748237
7748957
7749148
7749334
7749520
7749733
7749874
7750179
7750737
7751102
7751369
7751460
7751541
7751685
7751712
7752070
7752411
7752496
7752539
7753076
7753916
7754118
7754152
7754314
7754344
7754541
