3216677
3216810
3216813
3216895
3216898
3216903
3216919
3216956
3217005
3217014
3217191
3217215
3217592
3217912
3218057
3218659
3218821
3218957
3218984
3219104
3219126
3219170
3219302
3219357
3219442
3219566
3219814
3219822
3219828
3219872
3220021
3220051
3220488
3220863
3221003
3221824
3221864
3221949
3221965
3221986
3222003
3222161
3222214
3222323
3222360
3222385
3222459
3222506
3222822
3222890
3223005
3223173
3223258
3223326
3223395
3223465
3223669
3223907
3223998
3224548
3224885
3225378
3225414
3225487
3225674
3225918
3225944
3226100
3226115
3226530
3226549
3226803
3226859
3227080
3227353
3227361
3227573
3227582
3227607
3227810
3227939
3228200
3228317
3228364
3228554
3228682
3228710
3229033
3229205
3229395
3229614
3229956
3229958
3230033
3230655
3230706
3230751
3230836
3230866
3230885
