14841766
14842592
14843071
14843223
14843859
14844042
14844291
14845198
14847083
14847482
14847803
14848277
14848676
14848731
14848816
14849011
14849459
14850038
14850139
14850469
14850743
14851104
14851590
14851691
14851764
14851932
14852067
14852266
14852316
14852593
14852843
14852920
14852921
14852991
14853003
14854392
14854574
14854608
14854791
14855146
14855189
14855461
14855945
14856120
14856859
14857058
14857380
14857827
14858242
14858396
14859247
14861040
14863975
14866009
14866681
14867138
14867822
14869522
14869924
14870387
14871782
14871866
14873408
14873641
14873733
14874657
14876698
14876990
14877104
14877783
14878042
14878782
14879150
14879357
14879508
14879629
14880686
14880983
14881366
14881623
14882926
14883332
14883391
14883650
14883722
14884506
14884593
14884598
14885897
14885911
14886299
14886346
14886857
14887801
14888145
14888356
14889512
14889749
14890885
14891663
