9569141
9569210
9569397
9569992
9570233
9570252
9571475
9571748
9571884
9572767
9573648
9574477
9574847
9574931
9575176
9576453
9579869
9580553
9581199
9581729
9581836
9582526
9582542
9583250
9583426
9583515
9584926
9584937
9585129
9585175
9585486
9585780
9585782
9586127
9586368
9586373
9586772
9587621
9587971
9588012
9588391
9588843
9588939
9590162
9590430
9591426
9591575
9591648
9591980
9592638
9593361
9593511
9593601
9593651
9594637
9594782
9595286
9595345
9596037
9596321
9596397
9596526
9597848
9598811
9599003
9599066
9599149
9599208
9599460
9599621
9600208
9600328
9600995
9601171
9601258
9601578
9601625
9601646
9601715
9601818
9602188
9602236
9602261
9602863
9603195
9603707
9603824
9603930
9603955
9604550
9605239
9605321
9606179
9606447
9607176
9607844
9608430
9609356
9609521
9610421
