12020118
12020221
12022376
12022621
12022788
12023072
12023769
12024064
12024334
12025148
12025745
12026171
12026648
12027148
12027789
12027834
12028490
12029426
12029711
12030247
12031449
12031584
12032397
12032465
12032639
12032668
12033021
12033030
12033660
12034735
12035372
12035713
12035911
12036205
12036366
12036486
12037830
12038536
12038538
12038826
12039016
12039736
12040243
12040838
12040928
12041500
12041687
12041846
12042374
12042630
12042751
12043077
12043513
12043775
12044693
12045037
12045186
12045398
12046428
12046806
12046985
12047528
12047575
12048032
12048199
12048369
12048605
12048714
12050093
12050304
12050325
12051144
12051359
12051595
12052161
12052668
12053205
12053444
12053445
12053472
12053519
12053743
12054471
12055001
12055617
12057390
12058018
12058110
12058302
12058389
12058615
12058665
12059052
12059859
12060405
12060544
12060592
12060738
12061007
12061794
