23011691
23012436
23013168
23013200
23014282
23014404
23014722
23014825
23016460
23017641
23017874
23018093
23018139
23018210
23019103
23019518
23020888
23021693
23023773
23023810
23023881
23025795
23026207
23028717
23029846
23030535
23031803
23033362
23034166
23034922
23037232
23037785
23038100
23038446
23039817
23039955
23043360
23044474
23044891
23046255
23046273
23046351
23046567
23047215
23047218
23047829
23048315
23048743
23049967
23052359
23053279
23053470
23053702
23054382
23055130
23055583
23056247
23056638
23057572
23057611
23057946
23058130
23058578
23058587
23059612
23059931
23060370
23063110
23064075
23064197
23065184
23065558
23066364
23066373
23067664
23070079
23070517
23071258
23071307
23071410
23072407
23072450
23072936
23073032
23073070
23073395
23073439
23073484
23075528
23075680
23075774
23077466
23078195
23078286
23079036
23079441
23079488
23079685
23079776
23080748
