27267400
27267757
27268788
27269429
27271823
27273996
27274676
27275158
27275687
27276528
27276895
27278877
27282833
27283670
27285881
27290218
27290273
27290794
27291797
27293362
27293665
27295149
27296020
27296440
27298357
27298403
27298446
27299422
27299903
27300042
27300653
27300956
27301167
27301576
27302258
27303884
27303956
27305308
27305426
27305592
27306289
27306710
27306722
27306886
27307303
27307974
27308590
27308754
27309422
27309906
27310460
27310823
27310969
27310972
27311169
27311824
27312191
27312716
27313486
27313841
27314021
27314612
27315357
27315658
27316082
27316131
27316654
27318939
27321281
27322328
27322749
27323910
27325563
27325767
27326237
27327168
27328436
27329420
27330469
27332381
27332525
27333909
27333933
27338348
27338468
27338557
27339471
27340481
27340602
27340721
27342521
27343675
27344893
27344899
27345337
27346646
27346873
27347575
27348640
27349306
