21892171
21892289
21892545
21892550
21892604
21893061
21893438
21897171
21897234
21897578
21899059
21899943
21901094
21901695
21903636
21904853
21905929
21906075
21907449
21909942
21910451
21910858
21910927
21912023
21912253
21913055
21913495
21913612
21913891
21914331
21914374
21914835
21917303
21917534
21918683
21920989
21924088
21924792
21925886
21927707
21929692
21930795
21934013
21934473
21934657
21936857
21938174
21938251
21940501
21941041
21942032
21942203
21942208
21942211
21942779
21943106
21944296
21945062
21945752
21947874
21948075
21948294
21950072
21952201
21952556
21953327
21956178
21956184
21956548
21958567
21960517
21960532
21960896
21961732
21961783
21962901
21962951
21963082
21963434
21963585
21964415
21965428
21965793
21966164
21966451
21968303
21968694
21969133
21969174
21969328
21969578
21970667
21970774
21971636
21973902
21973958
21974382
21974882
21975185
21975549
