3514650
3514673
3514895
3514954
3515070
3515132
3515156
3515482
3515504
3515557
3515561
3515643
3515701
3515735
3515754
3515760
3515991
3516209
3516309
3516396
3516540
3516559
3516765
3519745
3520061
3520443
3520940
3521005
3521112
3521138
3521168
3521193
3521232
3521233
3521285
3521346
3521375
3521385
3521626
3521688
3521774
3521888
3522014
3522042
3522276
3522581
3522967
3523105
3523205
3523223
3523666
3523710
3523951
3524145
3524329
3524426
3524443
3524704
3525023
3525116
3525285
3525291
3525317
3525627
3525696
3525897
3526066
3526093
3526164
3526196
3526270
3526485
3526869
3527100
3527374
3527560
3527627
3527643
3527653
3527673
3527684
3527693
3527937
3527970
3528113
3528303
3528444
3528610
3528726
3528841
3529124
3529132
3529388
3529397
3529578
3529609
3529658
3529868
3529909
3529956
