2125063
2125137
2125148
2125174
2125231
2125293
2125527
2125619
2125709
2125776
2125850
2125923
2125942
2126258
2126456
2126539
2126561
2126759
2126884
2127114
2127192
2127263
2127395
2127647
2127857
2127860
2127935
2128134
2128398
2128448
2128501
2128519
2128528
2128726
2128827
2128868
2129241
2129382
2129444
2129502
2129552
2129696
2129704
2129834
2129871
2129908
2129953
2130179
2130213
2130443
2130452
2130479
2130540
2130632
2130751
2130856
2130948
2130973
2130982
2131513
2131627
2131652
2131707
2132160
2132291
2132317
2132433
2132437
2132860
2132957
2133111
2133667
2133786
2134060
2134462
2134508
2134516
2135270
2135296
2135340
2135361
2135607
2135774
2136106
2136121
2136199
2136424
2136449
2136556
2136589
2136615
2136719
2136782
2137307
2137452
2137749
2138184
2138858
2138988
2139009
