842090
842112
842169
842198
842222
842330
842898
842902
842946
842987
843043
843069
843127
843213
843387
843399
843500
843594
843627
843770
843865
843902
844131
844310
844330
844388
844441
844524
844529
844556
844583
844658
844726
844731
844804
844860
844875
844975
845043
845170
845307
845383
845406
845438
845454
845495
845651
845668
845673
845754
845773
845801
845843
845910
846092
846101
846299
846311
846445
846465
846631
846675
846910
847183
847189
847303
847358
847465
847498
847512
847637
847658
847701
847756
847809
847919
847997
848033
848228
848314
848380
848388
848564
848614
848792
848836
849021
849078
849156
849219
849232
849253
849273
849497
849508
849574
849638
849649
849756
849817
