33310359
33311253
33312897
33313108
33313705
33315363
33319476
33320269
33321797
33324808
33326664
33326875
33330283
33335913
33338195
33340534
33341440
33343485
33344331
33344563
33345092
33347673
33349299
33350066
33350836
33351412
33352665
33353719
33353855
33354556
33355270
33358094
33358113
33359508
33361860
33363120
33363797
33366233
33366640
33368023
33369190
33370312
33372265
33374925
33380244
33383476
33383560
33389161
33394258
33399533
33404384
33407000
33408367
33409772
33412209
33416472
33417679
33420413
33421840
33422045
33423006
33423073
33423243
33423357
33424514
33424888
33426609
33429773
33430281
33430897
33431708
33432395
33433283
33435358
33435912
33442104
33442250
33446353
33447134
33448158
33448189
33453143
33454670
33456755
33458673
33459233
33459610
33465921
33473246
33473935
33475089
33475320
33476961
33476993
33477899
33480142
33481975
33482147
33483604
33484944
