16006938
16007692
16008386
16009131
16009132
16009403
16009404
16009891
16010653
16010927
16011311
16011371
16011454
16014827
16014835
16014931
16015063
16015918
16015994
16016695
16016974
16017117
16017190
16017330
16017417
16017549
16017774
16017986
16018036
16018048
16018220
16019230
16019255
16019938
16020511
16020520
16020695
16020961
16021194
16021671
16021912
16022212
16022738
16022979
16023418
16023469
16023776
16023913
16024231
16024446
16024498
16024702
16025623
16025833
16026462
16026765
16027441
16027455
16027489
16028129
16028435
16028744
16029204
16029612
16029778
16030008
16030437
16031303
16031785
16032017
16032053
16032185
16033527
16033801
16034081
16034275
16036444
16036445
16036542
16037353
16037746
16037881
16038244
16038498
16039340
16040378
16040458
16040845
16041378
16041510
16041567
16041831
16042170
16042853
16043858
16044143
16044163
16044410
16044469
16044544
