6141672
6142448
6142560
6142633
6142783
6142886
6142933
6143026
6143044
6143172
6144082
6144402
6144408
6144794
6145198
6145238
6145278
6145283
6145362
6145916
6146154
6146200
6146251
6146619
6146883
6147615
6147700
6147702
6148727
6148834
6149484
6149588
6149770
6149848
6151181
6151835
6152017
6152032
6152238
6152402
6152501
6152817
6153704
6153941
6154678
6155152
6155314
6155466
6155849
6156197
6156485
6157102
6157133
6157333
6157416
6157529
6157754
6158026
6158064
6158125
6158151
6158592
6158929
6158985
6159294
6159305
6159427
6159714
6160171
6160327
6160346
6160394
6160516
6160518
6160749
6160776
6161073
6161147
6161258
6161453
6161678
6161898
6162062
6162337
6162674
6162723
6162881
6163954
6164067
6164103
6164432
6164510
6164639
6164645
6165291
6165330
6165504
6165575
6165811
6166080
