36835788
36840291
36841151
36844569
36847781
36848309
36848420
36851518
36856624
36856793
36856902
36856920
36859171
36861119
36864502
36868694
36870574
36872724
36876126
36877764
36877961
36878297
36878890
36879459
36882440
36884097
36885877
36889214
36889688
36892215
36894161
36894697
36897446
36898876
36902218
36902334
36903597
36906378
36907437
36907522
36908547
36915045
36916580
36916618
36919890
36923708
36924176
36925795
36928650
36929692
36932271
36932638
36933311
36933814
36934252
36940340
36942065
36943624
36943974
36944286
36945159
36945719
36945940
36946317
36947794
36949500
36950312
36952643
36952760
36953563
36954674
36956248
36956540
36958685
36960095
36966891
36968993
36972098
36972655
36973056
36974033
36974749
36975840
36976134
36976445
36978618
36979280
36980709
36981297
36988154
36988409
36989279
36989342
36989468
36991040
36991484
36994986
36996510
36999253
37001870
