5273803
5273911
5273998
5274155
5274391
5274521
5274610
5274619
5274751
5274769
5274899
5275710
5276130
5276167
5276203
5276210
5276230
5276322
5276782
5276868
5276971
5277027
5277115
5277412
5277498
5277577
5277631
5277641
5277652
5277704
5277716
5278073
5278084
5278185
5278248
5278380
5278476
5278507
5278540
5278922
5279189
5279340
5279356
5279680
5280211
5280437
5280459
5280503
5280853
5280919
5280926
5280990
5281188
5281292
5281321
5281562
5281648
5281961
5282283
5282461
5282590
5282594
5282679
5282770
5282779
5283189
5283664
5283697
5284109
5284483
5284686
5284957
5285130
5285285
5285322
5285441
5285471
5285474
5285884
5285922
5286222
5286389
5286442
5286444
5286654
5286682
5286868
5287003
5287100
5287268
5287446
5287653
5287923
5288065
5288110
5288635
5288870
5289482
5289548
5290035
