3150735
3151191
3151308
3151656
3151985
3152109
3152216
3152249
3152681
3152738
3152834
3152936
3153079
3153206
3153305
3153351
3153480
3154121
3154263
3154391
3154585
3154637
3154764
3154766
3154786
3154900
3154927
3155431
3155435
3155619
3155675
3155830
3156042
3156057
3156126
3156362
3156372
3156468
3156505
3156527
3156539
3156641
3156897
3157171
3157230
3157235
3157263
3157298
3157391
3157469
3157525
3157585
3157643
3157672
3157756
3157788
3157959
3158048
3158059
3158184
3158297
3158309
3158319
3158326
3158781
3158786
3158914
3159000
3159163
3159206
3159320
3159395
3159702
3159798
3159845
3159890
3160043
3160093
3160222
3160231
3160237
3160278
3160831
3160941
3160950
3161095
3161429
3161521
3161556
3161622
3161726
3161759
3162792
3162871
3162877
3162930
3163061
3163101
3163242
3163306
