5979911
5980325
5980923
5981213
5981471
5981576
5982203
5982262
5982528
5982747
5983017
5983141
5983164
5983310
5983561
5983693
5983709
5983757
5983838
5983958
5983978
5984025
5984289
5984465
5984594
5984633
5985687
5985724
5985833
5986543
5986730
5986760
5986878
5986939
5988058
5988171
5988344
5988476
5988510
5988584
5988591
5988718
5989151
5989651
5989829
5989948
5990007
5990112
5990143
5990545
5990625
5990996
5991051
5991197
5991418
5991461
5991551
5992096
5992259
5992862
5992998
5993438
5993495
5993584
5993666
5994077
5994218
5994781
5994800
5995108
5995235
5996140
5996197
5996420
5996434
5996981
5997430
5997497
5997716
5997741
5997835
5998085
5998265
5998278
5998607
5999059
5999214
5999468
5999998
6000295
6000507
6000694
6000804
6000854
6000979
6001108
6001556
6001686
6001737
6001794
