8402607
8403622
8403850
8404040
8404329
8405046
8405488
8405684
8406092
8406097
8406222
8406240
8406813
8406992
8407531
8409274
8409432
8409495
8410332
8410599
8410854
8411504
8411578
8411876
8411882
8412035
8412190
8412291
8412402
8412619
8412892
8413154
8414248
8414437
8414949
8415376
8415483
8417941
8418169
8418885
8419366
8419897
8421355
8421634
8422202
8422515
8423234
8423961
8424179
8424643
8424701
8425109
8425825
8426398
8426411
8426643
8427121
8427194
8427547
8427679
8427779
8427822
8427888
8428519
8428945
8429057
8429142
8429172
8429267
8430496
8431284
8432102
8432306
8432934
8433667
8433715
8434021
8434391
8434405
8434975
8435073
8435101
8435113
8435563
8435591
8435694
8436199
8436510
8437018
8437158
8437389
8437453
8438770
8438924
8438951
8439595
8439617
8439648
8439785
8440068
