10336470
10337914
10338155
10338731
10338844
10339547
10340017
10340532
10340722
10340972
10341417
10341717
10341733
10342022
10342604
10342627
10342819
10342872
10343171
10343430
10344955
10346077
10347324
10347406
10348364
10348710
10349177
10349283
10350028
10351787
10351819
10352410
10352784
10353549
10353568
10353863
10353973
10355618
10357020
10357727
10358525
10358849
10358894
10359378
10359741
10359912
10359914
10361002
10361018
10362098
10362877
10363731
10364106
10364253
10364299
10364326
10364915
10364993
10365418
10365602
10365605
10366251
10366490
10366842
10367204
10367668
10367966
10368179
10368474
10369103
10369156
10369370
10369456
10371417
10371527
10372579
10373108
10373666
10373714
10374161
10374527
10374698
10374984
10375741
10376336
10376838
10376896
10377766
10378144
10378287
10378820
10379059
10379173
10379432
10379985
10380199
10380211
10381238
10382768
10383101
