12104195
12104346
12104478
12104517
12104606
12106101
12106595
12107011
12107382
12107799
12108099
12108470
12109076
12109092
12109457
12109733
12110401
12111003
12111139
12111387
12111453
12111603
12111978
12112167
12112526
12112655
12114425
12114599
12114957
12115369
12115456
12115538
12117533
12117657
12117938
12118140
12118341
12119892
12120556
12120843
12122267
12123488
12123490
12124731
12125079
12125566
12125892
12126491
12126552
12126562
12127153
12128188
12128707
12130283
12130690
12130726
12131408
12131967
12132551
12132690
12133010
12133163
12133381
12133384
12133403
12133813
12134081
12134157
12134469
12135011
12135415
12135478
12139229
12139859
12140310
12140599
12140687
12140920
12141054
12141865
12142254
12142269
12142304
12142431
12142488
12142875
12143011
12143559
12144881
12145406
12145917
12147033
12147260
12147468
12147480
12147498
12149848
12149965
12150128
12151148
