18389975
18390126
18390170
18390641
18391108
18391183
18391286
18391518
18391612
18391954
18392241
18395194
18396319
18398132
18399188
18400750
18401293
18401510
18402626
18403856
18404502
18404523
18405435
18406282
18406762
18408054
18408791
18409976
18410660
18410908
18411158
18412233
18413739
18414230
18414607
18415211
18415438
18417238
18418577
18418579
18419584
18420266
18420518
18420989
18421291
18421427
18422063
18422472
18422673
18422790
18423060
18424247
18427062
18427241
18427312
18427828
18428200
18428326
18428367
18428673
18429199
18430955
18430959
18431658
18431784
18431864
18433039
18433319
18433386
18434459
18434953
18436629
18437470
18438208
18438835
18439654
18440780
18441772
18442419
18442670
18442805
18443646
18445819
18447043
18447611
18448224
18449346
18452354
18454469
18454804
18455078
18455294
18455868
18456292
18457396
18458772
18459270
18459767
18460190
18460607
