33072160
33076194
33080673
33083869
33088515
33090805
33091537
33091857
33092238
33093744
33094423
33094871
33095320
33095404
33098871
33098971
33100525
33107272
33108386
33109027
33110036
33110557
33111881
33112947
33114579
33114788
33115444
33118110
33120066
33120322
33123365
33123906
33124507
33124516
33124932
33125026
33125674
33125938
33126000
33126058
33127800
33130104
33131995
33132213
33132872
33133650
33136552
33137864
33140108
33140199
33140833
33140889
33142553
33142563
33142986
33145549
33146836
33147395
33148281
33149375
33149719
33150913
33152463
33152500
33152958
33153926
33153937
33155395
33155860
33161718
33162548
33164326
33164960
33167281
33167497
33169832
33170885
33174151
33174229
33174237
33174508
33175834
33176930
33178954
33179863
33179918
33184388
33187913
33190364
33193036
33194159
33194195
33195871
33197916
33199534
33200329
33200529
33204179
33205027
33205065
