8655773
8657422
8657588
8657915
8658646
8659493
8659636
8659740
8660013
8660044
8660156
8660390
8660932
8661326
8661346
8661870
8662315
8662433
8662849
8663519
8663556
8663827
8664025
8664033
8664190
8664730
8664742
8664938
8665057
8665129
8665186
8665225
8665308
8665379
8665682
8665917
8666460
8666742
8666894
8667061
8667323
8667592
8667872
8668868
8669166
8669324
8669409
8669422
8669425
8669705
8669935
8670011
8670211
8670293
8670335
8670394
8671069
8671424
8671912
8671928
8674093
8674335
8675490
8676073
8676276
8676316
8676491
8676867
8677024
8677900
8678229
8678289
8679062
8680360
8680470
8680504
8680737
8681298
8681379
8682238
8682474
8683925
8684474
8685275
8685332
8685416
8685560
8685927
8685952
8687095
8687188
8687270
8687511
8687586
8687695
8687783
8688008
8688229
8688416
8688445
