6191730
6191777
6191955
6192352
6192474
6192485
6192812
6192830
6192988
6193127
6193296
6193301
6193468
6193631
6193686
6193741
6194051
6194343
6194348
6194470
6195217
6195261
6195448
6195778
6195916
6196185
6196409
6196765
6196776
6196996
6197138
6197208
6197300
6197312
6197565
6197631
6197847
6198017
6199271
6199298
6199996
6200129
6200130
6200461
6200690
6200831
6200845
6200883
6201093
6201120
6201368
6201424
6201603
6202640
6202762
6203320
6203427
6204148
6204188
6204264
6204327
6204336
6204627
6205104
6205130
6205301
6205429
6205437
6205709
6205723
6205727
6205798
6205815
6205871
6206310
6206613
6206860
6207502
6207539
6207801
6207967
6208012
6208236
6209218
6209436
6209494
6209507
6209524
6209893
6210061
6210405
6210572
6210665
6210722
6210804
6211656
6211692
6211718
6211727
6211937
