6863098
6864850
6865393
6865658
6865716
6865790
6865815
6866693
6867214
6867956
6868145
6868183
6868617
6868711
6868733
6869211
6869253
6869308
6869511
6869641
6870052
6870069
6870102
6870898
6870916
6870951
6871038
6871043
6871496
6871499
6871696
6871725
6871841
6872033
6872165
6872281
6872323
6872653
6872733
6873108
6873677
6873776
6873856
6875396
6875935
6876322
6876327
6876405
6876766
6877306
6877410
6877562
6877708
6877878
6879545
6879551
6879725
6879914
6879941
6880123
6880175
6880246
6880276
6880310
6880744
6880800
6881460
6881650
6882815
6882837
6882848
6884212
6884699
6885209
6885369
6885408
6887561
6887577
6887723
6888541
6888662
6888879
6889136
6889171
6889776
6889990
6890512
6890520
6891162
6891752
6891765
6891910
6891967
6892059
6892379
6892836
6892932
6893543
6893772
6893822
