8947
8988
9012
9105
9257
9278
9327
9389
9410
9658
9739
9977
9995
10127
10156
10253
10286
10656
10792
11208
11223
11353
11357
11394
11407
11441
11600
11612
11689
11807
11843
12011
12109
12308
12439
12466
12507
12527
12562
12611
12740
13191
13369
13455
13481
13558
13699
13738
13779
14047
14259
14709
14974
15040
15388
15697
15845
15916
16032
16264
16518
16958
17183
17294
17304
17440
17628
17689
17985
18008
18097
18116
18213
18280
18539
18706
18707
18898
18945
19041
19052
19421
19528
19717
19745
20094
20095
20649
20691
20812
20839
20887
21055
21102
21324
21653
21657
21813
21814
21839
