1249849
1249865
1249931
1250008
1250038
1250115
1250178
1250249
1250275
1250329
1250348
1250406
1250473
1250517
1250637
1250687
1250747
1250759
1250807
1250905
1250925
1251083
1251240
1251273
1251605
1251636
1251805
1251893
1251903
1252367
1252466
1252474
1252476
1252482
1252520
1252592
1252622
1252721
1252752
1252823
1252869
1252991
1253003
1253027
1253171
1253237
1253274
1253282
1253336
1253385
1253494
1253701
1253725
1253774
1253848
1253897
1254312
1254403
1254443
1254512
1254667
1254714
1254914
1255225
1255418
1255447
1255470
1255583
1255648
1255781
1255801
1255912
1255925
1255961
1256073
1256274
1256288
1256436
1256488
1256530
1256553
1256702
1256828
1256966
1257266
1257698
1257760
1257801
1258052
1258245
1258302
1258324
1258344
1258356
1258419
1258651
1258693
1258768
1258773
1258872
