6002203
6002259
6002374
6002390
6002472
6003152
6003579
6003838
6004041
6004099
6004237
6004684
6004901
6005211
6005307
6005408
6005885
6005907
6006030
6006061
6006308
6006521
6007205
6007442
6007657
6007667
6008343
6008358
6008678
6008755
6008941
6008998
6009317
6009373
6009536
6009720
6009801
6009878
6009954
6009973
6010585
6010772
6010839
6010885
6010928
6011046
6011153
6011197
6011717
6011726
6011781
6012085
6012173
6012230
6012297
6012739
6013035
6013455
6013884
6014413
6014887
6015097
6015239
6015264
6015700
6016426
6016511
6016605
6016722
6016758
6017906
6017915
6017936
6018242
6018613
6018634
6018833
6018940
6019257
6019523
6019568
6019688
6019800
6020192
6020559
6020682
6020820
6020928
6021566
6021680
6021801
6022046
6022049
6022286
6022492
6022597
6022774
6023356
6023896
6023937
