10172741
10173641
10174761
10175339
10176176
10176279
10176530
10176793
10177333
10177528
10178003
10178293
10178843
10178875
10178885
10179359
10179708
10179834
10179894
10179934
10180047
10180104
10180251
10180455
10180948
10181368
10181383
10181400
10181686
10181690
10182271
10182422
10182704
10182954
10183094
10183609
10183766
10184019
10184233
10184882
10185952
10186382
10186590
10187355
10188364
10189879
10190921
10190974
10191877
10192351
10193397
10195355
10195364
10195820
10196810
10196840
10196928
10197007
10197811
10198547
10198671
10199309
10199327
10199523
10199925
10200641
10200720
10200881
10201470
10201714
10201779
10201974
10202068
10202537
10202710
10203331
10204022
10204432
10204863
10204999
10206243
10206384
10206486
10206607
10206973
10207111
10207736
10208165
10208591
10208821
10209147
10209679
10209806
10209992
10210487
10210601
10210856
10211347
10211672
10212111
