45683
45801
46028
46123
46160
46170
46187
46212
46266
46296
46679
46683
46752
46761
46900
46932
47008
47148
47189
47296
47455
47585
47802
47885
48043
48089
48119
48133
48185
48216
48579
48601
48686
48839
48908
48949
48970
49185
49438
49532
49710
49799
49826
49913
49938
49987
50248
50345
50378
50386
50448
50530
50547
50552
50599
50676
50718
50746
50748
50760
50761
50893
50994
51010
51097
51411
51422
51443
51469
51647
51657
51764
51864
51873
51905
51933
51964
51987
52334
52458
52663
52720
52752
52851
52874
53045
53165
53248
53263
53329
53426
53586
53720
54033
54185
54272
54345
54389
54444
54456
