8587691
8588634
8588703
8589274
8589611
8590173
8590690
8591224
8591265
8591395
8592504
8593057
8593159
8593503
8593674
8594007
8594291
8594867
8595207
8596011
8596762
8596783
8596786
8597025
8597994
8598066
8598960
8599686
8599865
8599912
8600254
8600286
8600667
8600822
8601615
8602328
8602629
8603708
8604196
8604372
8604475
8604580
8604667
8605201
8606660
8606791
8606975
8607407
8607700
8607708
8607710
8608205
8608515
8609154
8609166
8609247
8609254
8609317
8609440
8609752
8609779
8610008
8610014
8610559
8611059
8611417
8611903
8611993
8612230
8612774
8612818
8612850
8612876
8612913
8613129
8613844
8613848
8614068
8614120
8614253
8614327
8614886
8615425
8615431
8615573
8616667
8617053
8617627
8618244
8618588
8618635
8618683
8619686
8619941
8620125
8620189
8620868
8622658
8622982
8623764
