30131915
30132509
30133445
30136938
30143233
30144267
30144775
30145094
30146813
30147612
30148102
30149212
30152320
30154471
30155516
30155779
30157586
30158679
30158984
30165528
30165663
30166447
30173706
30175370
30175530
30178402
30180266
30180277
30180961
30181040
30181441
30181658
30181760
30185319
30185555
30185990
30186681
30188195
30188610
30189476
30190002
30190535
30191142
30192192
30193535
30194396
30202643
30204486
30205488
30206907
30207026
30208688
30210874
30211999
30212274
30212391
30213243
30213435
30213880
30216051
30216859
30225433
30226107
30228144
30228896
30229369
30230326
30231081
30231219
30231301
30233495
30233532
30234287
30235900
30237437
30237456
30237572
30237815
30237989
30238294
30239181
30239548
30241642
30242109
30248184
30248378
30249932
30251826
30253269
30255259
30255272
30256223
30259995
30260166
30262436
30262588
30263428
30263945
30267447
30269473
