28032569
28033157
28033245
28034165
28037457
28038145
28039463
28040738
28041894
28042601
28043910
28044734
28046743
28047661
28048272
28048529
28049649
28050395
28051360
28052416
28052906
28053284
28053456
28053909
28054805
28060592
28061712
28063014
28067371
28067584
28068145
28068362
28072408
28072656
28072881
28074401
28074713
28075269
28078351
28079622
28080076
28080150
28084339
28088024
28088896
28089292
28091168
28091572
28091852
28092830
28093393
28095192
28095233
28096111
28100563
28102206
28102946
28103094
28103261
28103274
28104096
28104896
28105636
28108215
28108377
28108460
28108929
28110583
28110889
28111264
28112176
28114752
28116067
28116762
28120870
28121645
28121801
28122441
28122639
28123441
28123530
28123732
28125226
28125750
28126306
28127125
28133167
28135108
28135831
28138044
28139632
28140485
28141054
28141583
28141990
28142019
28142342
28143408
28146683
28146847
