4884994
4885085
4885354
4885459
4885619
4885744
4885793
4886231
4886281
4886438
4886572
4886748
4886804
4886832
4887038
4887397
4887432
4887479
4887580
4887639
4887655
4887672
4887740
4887789
4887821
4887967
4887971
4887977
4887980
4887983
4887989
4887991
4887996
4888021
4888270
4888458
4888493
4889015
4889039
4889204
4889215
4889473
4889807
4889957
4890341
4890346
4890370
4890382
4890516
4890629
4890719
4890876
4890927
4891029
4891353
4891378
4891504
4891871
4891879
4891963
4892010
4892052
4892068
4892080
4892291
4892469
4892559
4892617
4892625
4892709
4892793
4892797
4893062
4893394
4893460
4893881
4894339
4894801
4895223
4895894
4896076
4896204
4896347
4896502
4896532
4896550
4896551
4896614
4896616
4896626
4897210
4897419
4897471
4897555
4897902
4897924
4897934
4898049
4898168
4898331
