10972771
10973058
10973844
10973861
10973893
10974683
10974691
10975256
10975563
10976341
10976408
10976662
10979433
10979516
10979867
10980650
10981088
10981474
10981919
10981939
10981956
10982321
10983077
10983315
10983476
10983509
10983531
10983760
10984242
10984807
10984921
10986523
10986565
10986645
10986921
10987390
10988143
10988328
10988839
10988878
10988909
10989094
10989235
10989530
10989688
10990733
10991628
10992296
10992670
10992709
10992903
10993084
10993328
10993883
10994774
10995183
10996469
10996737
10997178
10997780
10999179
10999461
10999874
11000084
11000431
11000928
11001147
11001582
11001868
11002719
11003362
11003770
11004080
11004489
11004632
11005418
11005626
11005661
11005904
11005944
11006867
11007072
11007220
11007501
11007981
11008199
11008225
11008232
11008361
11009360
11010154
11010765
11011162
11011857
11012579
11012859
11012987
11013240
11013479
11013657
