25821208
25821440
25821779
25822637
25824240
25824527
25824717
25824733
25825556
25826251
25827624
25828123
25828289
25829131
25829817
25831984
25832212
25833619
25834871
25834953
25835565
25835714
25836870
25837714
25838687
25841213
25841882
25842537
25845226
25847070
25847240
25848956
25849484
25850082
25850129
25851310
25852303
25852321
25854868
25854961
25855214
25855861
25857189
25860043
25860811
25865724
25869159
25870231
25872926
25874700
25876269
25877156
25878009
25879026
25879423
25880277
25881571
25881770
25884598
25884754
25885810
25887694
25890932
25894187
25895684
25900743
25900787
25910486
25911254
25911700
25911765
25915312
25915419
25918003
25924778
25925677
25926481
25926684
25927684
25927864
25930982
25933961
25934874
25936805
25937311
25939213
25941431
25941500
25945234
25947062
25947103
25949169
25949380
25952117
25952150
25952310
25952978
25953366
25953992
25954251
