13904521
13905713
13906170
13906478
13906646
13907153
13907718
13908049
13908154
13908873
13909139
13909281
13909560
13910099
13910495
13910580
13911849
13912283
13913846
13914565
13915554
13915586
13916458
13917642
13917726
13917865
13918683
13919294
13920115
13921441
13922484
13922905
13923335
13923603
13923972
13924830
13924942
13925075
13925175
13925940
13926312
13926985
13927497
13927631
13928190
13928382
13928679
13928770
13929055
13929468
13929560
13929597
13929779
13930983
13931617
13931718
13932115
13934610
13934747
13935102
13935697
13937019
13937500
13938633
13938639
13938949
13939474
13939770
13940002
13940241
13940245
13940956
13941206
13941368
13941598
13942791
13942803
13943140
13944375
13945311
13945398
13946249
13946443
13946677
13947325
13947710
13948045
13949646
13949888
13949924
13950723
13953354
13953860
13954948
13955471
13956610
13957247
13957919
13957986
13958423
