30270153
30270791
30272132
30272724
30273451
30274347
30276732
30277351
30277449
30286661
30288613
30292622
30293126
30294110
30294639
30297487
30298644
30299896
30299908
30300066
30301717
30305122
30306103
30306982
30310823
30311735
30312254
30312615
30315068
30315601
30316339
30319305
30320469
30322449
30323872
30324587
30324881
30325504
30325578
30326050
30327331
30330506
30332530
30333531
30334062
30334111
30337470
30340819
30345304
30346647
30347561
30348857
30350365
30351920
30354585
30354649
30355439
30356718
30356784
30360085
30365640
30366811
30371076
30371917
30373472
30374810
30376783
30377747
30379939
30382263
30382606
30383091
30383169
30383407
30384698
30386435
30389520
30390009
30391262
30391417
30393467
30394119
30394431
30394942
30395447
30395535
30396809
30405195
30406265
30407530
30409999
30412679
30413599
30414265
30415109
30416829
30418153
30418807
30419024
30419342
