2664024
2664067
2664084
2664155
2664235
2664516
2664627
2664681
2664901
2664914
2664927
2665066
2665168
2665175
2665705
2665833
2665859
2665984
2666020
2666426
2666503
2666920
2667045
2667158
2667246
2667715
2668398
2668599
2668889
2668890
2668913
2668953
2669008
2669117
2669121
2669122
2669128
2669139
2669142
2669191
2669287
2669386
2669397
2669444
2669506
2669668
2669677
2669692
2670000
2670029
2670051
2670054
2670055
2670057
2670058
2670061
2670066
2670068
2670072
2670075
2670095
2670176
2670193
2670237
2670243
2670248
2670251
2670258
2670260
2670261
2670264
2670266
2670268
2670269
2670270
2670272
2670274
2670276
2670281
2670293
2670296
2670305
2670306
2670324
2670331
2670371
2670469
2670536
2670575
2670618
2670624
2670646
2671063
2671147
2671183
2671205
2671541
2671702
2671705
2672030
