7333387
7333570
7333745
7334089
7334124
7334496
7334834
7334904
7335114
7335614
7335711
7335826
7335848
7336359
7336674
7336959
7337130
7337222
7337510
7337751
7338163
7338346
7338423
7338425
7338462
7338491
7338759
7339518
7340045
7340121
7341021
7341668
7341720
7341889
7341993
7342160
7342775
7342933
7342969
7343170
7343348
7343363
7343543
7343559
7343579
7344122
7344219
7344281
7344695
7344717
7345023
7345512
7345904
7345982
7346253
7346373
7346430
7346674
7347290
7347311
7347507
7347557
7347583
7347628
7347721
7348731
7348777
7348796
7348983
7349048
7349106
7349287
7349830
7350272
7350293
7350563
7350577
7350620
7350911
7351422
7351512
7352080
7352543
7352909
7353035
7353292
7353295
7353300
7353499
7353964
7354018
7354747
7354772
7354910
7354911
7355022
7355183
7355223
7355353
7356118
