10933820
10934325
10934944
10935651
10935695
10935722
10935872
10935942
10936126
10936220
10936228
10938025
10938075
10938918
10939280
10939554
10939773
10939834
10941119
10941139
10941519
10942030
10942955
10943200
10943352
10943571
10943777
10943978
10944246
10944783
10945020
10945448
10945895
10945922
10947085
10947649
10948274
10948412
10949198
10951292
10951448
10951549
10951865
10952336
10953454
10953897
10954615
10954851
10954878
10955031
10955335
10955506
10955534
10955839
10956292
10956305
10956584
10956808
10956916
10957424
10957973
10958070
10958078
10958329
10959070
10959391
10959752
10960488
10961199
10961235
10961298
10961345
10961384
10961588
10961692
10961933
10961957
10962153
10962854
10963071
10963180
10963342
10963890
10964146
10964375
10964473
10965469
10965597
10965715
10965936
10966202
10966586
10967220
10968670
10968811
10969110
10969811
10970399
10971826
10972239
