7780330
7780747
7780873
7781143
7781206
7781214
7781846
7782002
7782145
7782298
7782473
7782783
7782819
7783044
7783487
7783510
7783906
7784400
7784546
7785409
7785665
7785711
7786170
7786524
7786725
7787016
7787085
7787394
7787450
7788012
7788754
7789466
7789487
7789683
7789697
7789902
7790549
7790844
7790989
7791439
7791670
7791860
7791917
7791938
7792577
7792832
7793356
7793459
7794825
7795322
7796720
7798622
7799127
7799155
7799468
7799798
7800363
7800419
7800802
7800955
7801535
7801563
7801931
7802505
7803025
7803213
7803325
7804582
7804627
7805187
7806167
7806330
7806384
7806460
7806533
7806549
7806743
7806792
7807850
7807884
7807904
7808422
7808676
7808768
7809086
7809309
7809376
7809474
7810481
7810515
7810983
7811034
7811539
7811642
7811788
7811962
7812478
7812702
7812901
7813079
