2710821
2710926
2710984
2711140
2711142
2711152
2711342
2711353
2711565
2711604
2711688
2711777
2711856
2712029
2712246
2712364
2712411
2712539
2712627
2712652
2712669
2712862
2712928
2713358
2713385
2713405
2713638
2713898
2714095
2714209
2714252
2714258
2714373
2714539
2714779
2714947
2715400
2715573
2715679
2715684
2715923
2716058
2716113
2716126
2716283
2716355
2716432
2716442
2716538
2716559
2716627
2716682
2716945
2717045
2717143
2717148
2717220
2717335
2717499
2717518
2717635
2717688
2717914
2718171
2718183
2718196
2718225
2718242
2718381
2718389
2718514
2718571
2718577
2718582
2719067
2719095
2719131
2719166
2719300
2719520
2719530
2719576
2719799
2719870
2719970
2720100
2720160
2720371
2720572
2720866
2720933
2721004
2721076
2721083
2721412
2721493
2721504
2721874
2721942
2723677
