23944057
23944175
23945955
23947482
23948932
23949261
23950353
23951675
23952246
23952522
23952732
23953697
23954224
23956552
23958010
23958283
23959258
23962426
23964743
23965391
23965537
23965738
23968775
23968996
23971909
23972018
23972157
23972387
23972499
23973472
23974356
23974411
23974968
23975663
23975671
23976218
23976475
23978096
23978741
23980492
23981107
23982543
23983647
23984054
23987621
23987932
23989476
23990059
23991455
23992157
23992992
23994778
23995241
23997257
23998580
23998591
23999368
24000802
24001907
24002484
24003275
24003369
24003781
24004088
24005898
24006634
24009432
24009515
24010078
24011292
24011768
24012355
24014888
24015357
24016384
24016940
24018811
24019094
24020162
24022651
24024237
24024710
24025842
24025923
24026117
24026167
24026963
24027706
24028581
24028959
24029446
24031054
24032176
24035149
24035379
24035462
24040310
24040421
24042788
24044392
