7597518
7597669
7598619
7598917
7599159
7599470
7599602
7599873
7599955
7601227
7601519
7601795
7601844
7602015
7602247
7602413
7602602
7602634
7602785
7603109
7603123
7603225
7603307
7603475
7603559
7603920
7603941
7604232
7604334
7604809
7604962
7605003
7605055
7605277
7605616
7606090
7606477
7606543
7606717
7606888
7606889
7606908
7606971
7607042
7607047
7607179
7607229
7607279
7607291
7607437
7607590
7608089
7608503
7608506
7608624
7608727
7608775
7609042
7609053
7609364
7609408
7609538
7609581
7609609
7609914
7610297
7610530
7610582
7610637
7610811
7610931
7611206
7611399
7611450
7612384
7612433
7612626
7612649
7613009
7613294
7613586
7614321
7614724
7614801
7614880
7614952
7615507
7615521
7615670
7615794
7615974
7616138
7616186
7617651
7617724
7617734
7617821
7618048
7618094
7618285
