151687
151719
151942
151993
152017
152092
152113
152174
152183
152258
152609
152678
152719
152874
153003
153045
153076
153144
153151
153271
153597
153722
153756
153882
153959
154362
154591
154602
154766
154972
155124
155129
155370
155411
155419
155422
155509
155600
155915
156150
156243
156374
156520
156750
156760
156925
157066
157253
157284
157313
157438
157442
157597
157630
157692
157964
157987
158062
158066
158246
158261
158289
158290
158295
158691
158952
159416
159477
159490
159494
159542
159555
159611
159700
159738
159750
159833
160148
160168
160212
160216
160267
160368
160407
160602
160636
160739
160768
160772
160906
160962
161038
161233
161380
161471
161868
162013
162084
162085
162191
