11377250
11377375
11378051
11378082
11379328
11379406
11379657
11380817
11381135
11381181
11381507
11381611
11382328
11382649
11384002
11384071
11384344
11384542
11385013
11385478
11385499
11386000
11386045
11387011
11388047
11388132
11388396
11388521
11388632
11388954
11388988
11389120
11389910
11390010
11390243
11390566
11390618
11391340
11392854
11394546
11395869
11396326
11396388
11396794
11396834
11397484
11397894
11397970
11398031
11398636
11398751
11399142
11399188
11399318
11399690
11400256
11400397
11401189
11401394
11401516
11401707
11402082
11403111
11403400
11403530
11404542
11404580
11404657
11404724
11404868
11405119
11405224
11405699
11405832
11407031
11407664
11407747
11408050
11408484
11409933
11410428
11410830
11411102
11411666
11411981
11412750
11412943
11413505
11414662
11414968
11415416
11415478
11415876
11417203
11417465
11417942
11418078
11418354
11418459
11418717
