1471769
1471799
1471843
1471972
1471989
1472023
1472194
1472319
1472346
1472469
1472474
1472481
1472483
1472495
1472498
1472503
1472504
1472589
1472681
1472698
1472730
1472822
1472859
1472907
1472914
1472968
1472977
1473167
1473230
1473290
1473442
1473461
1473471
1473593
1473665
1473787
1473919
1474089
1474204
1474206
1474245
1474358
1474441
1474466
1474547
1474736
1474764
1474787
1475017
1475138
1475223
1475447
1475455
1475527
1475542
1475669
1475791
1475804
1475905
1475966
1476017
1476038
1476076
1476200
1476222
1476486
1476566
1476638
1476701
1476755
1476869
1476896
1476929
1476957
1477010
1477383
1477644
1477803
1478154
1478575
1478621
1478666
1478712
1478993
1479141
1479167
1479262
1479334
1479689
1479748
1479930
1480052
1480101
1480109
1480110
1480127
1480171
1480238
1480300
