2308034
2308296
2308395
2308396
2308413
2308443
2308699
2308792
2308911
2308926
2309063
2309246
2309379
2309442
2309493
2309745
2309893
2310129
2310213
2310248
2310290
2310307
2310310
2310332
2310338
2310482
2310523
2310591
2310609
2310666
2310689
2310824
2311323
2311345
2311404
2311638
2311721
2311765
2312036
2312049
2312103
2312169
2312254
2312284
2312288
2312401
2312406
2312555
2312709
2312773
2312916
2313037
2313113
2313625
2313648
2313687
2313725
2313819
2314026
2314059
2314204
2314345
2314465
2314508
2314735
2314947
2314978
2315118
2315188
2315241
2315464
2315742
2315782
2315911
2316082
2316436
2316487
2316591
2316931
2317079
2317099
2317385
2317457
2317722
2317734
2317740
2317966
2318001
2318619
2318653
2318714
2318748
2318765
2318954
2319150
2319189
2319320
2319393
2319415
2319726
