12549102
12550419
12550493
12551039
12552009
12552746
12553308
12553365
12555224
12555937
12556901
12558106
12558835
12559105
12560991
12561307
12561862
12562251
12562307
12562661
12562663
12564515
12565480
12565838
12571228
12571338
12571495
12572806
12572917
12575615
12575830
12576330
12576586
12578991
12579593
12579596
12579616
12579708
12580355
12580468
12581082
12581106
12581130
12582896
12584047
12584140
12584238
12584954
12585444
12586087
12586430
12586516
12586916
12586919
12586922
12586926
12586932
12586935
12586949
12586951
12586953
12586954
12586964
12586969
12586981
12586986
12587062
12588129
12588130
12588135
12588142
12588143
12588144
12588148
12588149
12588150
12588153
12588154
12588158
12588163
12588164
12588177
12588545
12589888
12591015
12591249
12592004
12594393
12594516
12594686
12595850
12596127
12596231
12596371
12596396
12597073
12597175
12597285
12597716
12597856
