10084926
10085215
10086074
10086109
10086286
10086662
10086715
10086733
10086988
10087610
10087696
10087826
10088119
10088166
10088301
10088313
10088877
10088896
10089824
10089956
10090059
10090062
10090532
10090875
10091190
10091223
10091348
10091846
10092371
10092377
10092614
10093035
10093092
10093125
10093169
10093205
10093430
10093628
10093827
10094424
10094852
10095032
10095341
10096426
10096448
10096573
10096904
10097809
10098607
10098702
10098885
10099180
10099671
10099879
10100435
10101161
10101367
10101531
10101782
10102385
10102720
10103409
10103463
10104461
10105766
10106571
10106769
10107035
10107126
10107735
10108473
10108543
10108703
10110301
10110973
10111682
10111818
10112776
10112787
10114843
10115382
10117583
10117620
10117706
10117800
10118116
10118403
10118500
10119330
10119388
10119564
10120297
10122385
10122606
10122771
10123050
10123295
10123765
10124208
10124237
