2369830
2369968
2370158
2370160
2370282
2370479
2370728
2370825
2370826
2371096
2371129
2371150
2371160
2371224
2371381
2371619
2371778
2371791
2371844
2372184
2372389
2372450
2372670
2373029
2373065
2373096
2373106
2373112
2373119
2373121
2373153
2373426
2373467
2373610
2373640
2373720
2373985
2374232
2374257
2374342
2374612
2374723
2374793
2375096
2375163
2375530
2375542
2375761
2375998
2376046
2376246
2376326
2376357
2376434
2376483
2376522
2376569
2376647
2376667
2377058
2377580
2377783
2377811
2377990
2378001
2378096
2378298
2378306
2378355
2378371
2378651
2378699
2378722
2378753
2378773
2378870
2379034
2379145
2379210
2379397
2379443
2379463
2379567
2379604
2379613
2379628
2379684
2379734
2379751
2379824
2379825
2379955
2380186
2380215
2380397
2380508
2380745
2380866
2380922
2380925
