4061786
4061864
4062098
4062686
4062722
4063050
4063317
4063461
4063685
4063745
4064034
4064452
4064583
4064595
4064702
4064832
4064904
4065122
4065240
4065270
4065727
4066061
4066342
4066764
4066781
4067045
4067325
4067387
4067417
4067423
4068179
4068309
4068329
4068690
4068721
4068962
4069119
4069407
4069490
4069731
4070279
4070351
4070528
4070812
4070991
4071193
4071494
4071813
4071837
4072056
4072304
4072317
4072837
4072932
4072963
4073020
4073348
4073865
4074005
4074365
4074508
4074574
4075234
4075260
4075354
4075394
4075437
4076227
4076250
4076297
4076525
4076631
4076930
4076942
4076969
4077214
4077318
4077563
4077580
4077662
4077694
4077739
4077816
4077856
4078155
4078262
4078591
4078614
4079012
4079093
4079272
4079332
4079460
4079722
4079924
4079926
4080070
4080082
4080357
