12305874
12306307
12306489
12306509
12308185
12309212
12309396
12309424
12310024
12310113
12310270
12310359
12311351
12311649
12312252
12313706
12314239
12314436
12314591
12314648
12315123
12315849
12316642
12318700
12319646
12320001
12320318
12320352
12321049
12321450
12321663
12322071
12322128
12322149
12322580
12323601
12323793
12324140
12324758
12325118
12325144
12325218
12325335
12325541
12326527
12326874
12326916
12327537
12328591
12331396
12332006
12332584
12333556
12334429
12334489
12334626
12335400
12335425
12335451
12335961
12336886
12338009
12339123
12339776
12339798
12340307
12340351
12340371
12341383
12341417
12341703
12342051
12342609
12342873
12343162
12343174
12343187
12344231
12344769
12345298
12345299
12345456
12345566
12345965
12346308
12347455
12347535
12347554
12347987
12348013
12348081
12348084
12348149
12348405
12348472
12349272
12349435
12349534
12351554
12351601
