6443182
6443238
6443341
6443419
6443586
6444561
6444816
6445175
6445235
6445487
6445636
6445772
6445827
6446062
6446235
6446257
6446877
6446882
6446916
6447531
6447941
6447946
6448564
6448579
6449752
6450493
6450677
6450857
6451100
6451495
6451631
6451885
6452080
6452346
6452544
6453276
6453327
6453553
6453782
6454159
6454227
6455045
6455438
6455834
6455925
6456121
6456675
6456740
6456893
6457111
6457398
6457525
6457770
6457888
6457983
6458017
6458488
6459209
6459325
6460321
6461154
6461426
6461677
6461762
6462339
6462581
6462694
6462759
6462843
6463006
6463603
6463881
6464815
6464826
6465085
6465580
6465916
6466107
6466145
6466296
6466524
6466915
6466975
6467069
6467240
6467586
6468095
6468477
6468598
6468683
6469133
6469468
6469682
6469738
6470167
6470279
6470956
6471051
6471414
6471722
