13267234
13267253
13267448
13268732
13268813
13269467
13269690
13270763
13271046
13271247
13272931
13273671
13274020
13274248
13275627
13275728
13276014
13276459
13277563
13278543
13278565
13278675
13278960
13279027
13279963
13280172
13280628
13281235
13282363
13282689
13283086
13283515
13284277
13284965
13285172
13285421
13285778
13286085
13286333
13286632
13287197
13287638
13287921
13288029
13288583
13288601
13289462
13290842
13294356
13294628
13295287
13296712
13296926
13297214
13297423
13297448
13297553
13298021
13298247
13298372
13298905
13299189
13299231
13300197
13300588
13300598
13300973
13301299
13302357
13302856
13303267
13303986
13304052
13304250
13304281
13304497
13304891
13305389
13305580
13306294
13306324
13306948
13307141
13307461
13308010
13308319
13309006
13309139
13309292
13310104
13310141
13310249
13310390
13310823
13311274
13312631
13313545
13314137
13315330
13315503
