3354525
3354647
3354825
3355311
3355320
3355394
3355470
3355655
3355775
3355959
3356133
3356194
3356351
3356428
3356446
3356474
3356547
3356611
3356880
3357208
3357297
3357437
3357765
3357805
3357919
3357949
3358094
3358101
3358163
3358407
3358757
3358806
3358915
3358941
3359409
3359770
3359855
3360264
3360288
3360415
3360424
3360609
3360766
3361036
3361114
3361205
3361329
3361640
3361644
3361656
3361697
3361709
3361769
3361824
3361998
3362487
3362646
3362935
3363014
3363334
3363660
3363673
3363731
3364282
3364404
3364511
3364514
3364691
3364779
3364800
3364849
3364870
3364871
3365058
3365205
3365562
3365942
3366095
3366218
3366368
3366514
3366571
3366587
3366746
3366803
3366812
3366941
3367024
3367159
3367394
3367486
3367628
3367666
3367851
3368046
3368091
3368240
3368346
3368481
3368835
