644247
644249
644347
644454
644772
645039
645042
645127
645171
645335
645389
645413
645442
645553
645676
645853
645969
646037
646195
646347
646409
646497
646520
646530
646561
646595
646716
646726
646771
646773
646791
646829
646843
646876
646970
647048
647089
647187
647292
647418
647547
647568
647590
647711
647991
648134
648161
648212
648344
648393
648472
648572
648678
648698
648748
648769
648787
649040
649207
649216
649225
649305
649347
649356
649449
649452
649458
649543
649589
649636
649858
649925
650101
650140
650510
650648
650832
650860
650994
651009
651138
651307
651397
651499
651600
651625
651632
651641
651648
651691
651712
651715
651782
651791
651844
651897
651974
652050
652082
652094
