11880830
11880895
11881161
11881312
11881348
11881672
11882303
11882459
11883285
11883960
11884100
11886922
11888090
11888783
11888802
11889000
11889745
11890483
11890548
11891248
11891416
11891482
11891550
11892044
11892340
11892430
11893045
11893387
11894732
11894825
11895152
11895246
11895918
11896283
11896340
11896345
11896816
11897351
11897633
11897977
11898212
11898830
11900154
11900821
11901081
11901708
11901726
11901803
11902363
11902973
11903480
11904318
11904340
11906782
11907747
11909124
11909645
11909900
11910602
11910721
11911170
11911393
11912426
11912496
11912994
11913148
11913696
11913941
11914053
11914427
11914769
11914925
11914931
11915157
11915174
11916014
11916177
11916468
11916499
11916665
11917422
11918412
11918558
11919808
11920021
11920117
11920732
11921274
11921310
11921616
11922330
11922343
11922717
11922764
11923464
11923697
11925524
11925609
11926188
11926281
