1808283
1808575
1808604
1808894
1809053
1809082
1809102
1809161
1809187
1809268
1809689
1809954
1809961
1809969
1809995
1810146
1810343
1810429
1810909
1811135
1811176
1811222
1811244
1811269
1811287
1811318
1811344
1811372
1811459
1811555
1811610
1811807
1811949
1812013
1812048
1812116
1812182
1812195
1812503
1812925
1812935
1813181
1813425
1813691
1813782
1813988
1814080
1814088
1814104
1814160
1814226
1814471
1814535
1814634
1814676
1814794
1814869
1814877
1815202
1815328
1815330
1815334
1815452
1815489
1815503
1815697
1815831
1815917
1816470
1816542
1816547
1816966
1817144
1817343
1817356
1817403
1817427
1817571
1817723
1817754
1817845
1817857
1817997
1818077
1818130
1818311
1818381
1818581
1819059
1819171
1819176
1819211
1819404
1819578
1819825
1820065
1820258
1820270
1820323
1820507
