18528857
18528909
18529009
18529867
18530073
18531043
18531095
18532332
18532648
18532904
18534670
18535204
18536849
18537120
18537210
18538121
18538490
18539159
18539890
18540674
18540773
18541266
18542112
18543673
18544015
18544145
18544229
18545591
18545963
18546037
18547536
18549783
18550174
18550255
18552805
18553246
18553468
18553490
18554677
18554832
18554977
18556116
18556221
18558137
18559493
18559635
18560249
18562543
18562577
18562736
18563287
18563328
18563487
18563891
18564008
18565055
18565372
18565812
18566233
18566379
18566563
18566615
18567435
18567609
18567694
18568095
18568232
18568831
18570480
18571006
18571603
18571884
18572984
18573949
18573958
18574152
18574363
18574786
18575765
18576349
18576725
18577220
18577954
18578267
18578978
18580217
18582292
18583317
18584705
18586523
18587013
18587296
18587483
18587620
18587835
18587923
18589086
18590604
18590627
18591084
