324725
324825
324928
325271
325298
325360
325363
325382
325435
325480
325563
325618
325633
325711
325732
325751
325881
326104
326416
326444
326490
326505
326553
326631
326647
326710
326835
326867
327086
327349
327376
327471
327497
327507
327596
327853
327870
328105
328280
328539
328629
328833
329075
329192
329517
329534
329601
329934
329939
330001
330029
330041
330090
330144
330179
330255
330269
330633
330701
330710
330923
331155
331220
331345
331536
331593
331803
331839
331991
331993
332276
333252
333860
334176
334271
334344
334540
334726
334806
335022
335060
335065
335067
335117
335159
335299
335523
335643
335735
336307
336721
336975
337060
337106
337130
337166
337184
337467
337591
337676
