905907
906050
906102
906107
906179
906344
906361
906562
906611
906683
906761
906799
906851
906858
906872
906932
907036
907108
907248
907307
907402
907566
907571
907601
907631
907632
907641
907669
907695
907761
907781
907809
907842
907887
907906
907978
908027
908170
908258
908345
908392
908483
908610
908615
908682
908968
908996
909061
909168
909188
909255
909299
909469
909484
909546
909567
909728
909769
909838
909846
909899
909922
910006
910013
910128
910201
910264
910404
910720
910816
910872
910975
911005
911060
911151
911191
911195
911246
911318
911491
911520
911539
911564
911622
911741
911794
911810
911930
911950
911978
911987
912015
912132
912147
912309
912332
912483
912726
912793
912840
