12266212
12266380
12267236
12267694
12268147
12268416
12268442
12268662
12268796
12269615
12270723
12271046
12271343
12272337
12273031
12273050
12273098
12273398
12273862
12274467
12274663
12274900
12274977
12275013
12275178
12275277
12275661
12276187
12276673
12276701
12277712
12277785
12277838
12278402
12278536
12278933
12279041
12279371
12280320
12280997
12282383
12282890
12282955
12283313
12284118
12284482
12284976
12285085
12285946
12286430
12286678
12287073
12287298
12287632
12287740
12288061
12288171
12288191
12288255
12289357
12290046
12290631
12291441
12291785
12292297
12292663
12292680
12293168
12293305
12293387
12293778
12295371
12295621
12295692
12296253
12296550
12297941
12298043
12299057
12299374
12299477
12299708
12299817
12300222
12300372
12300892
12301200
12301876
12302024
12302120
12302194
12302285
12302298
12302508
12302807
12304096
12304737
12304976
12304981
12305373
