8688911
8689293
8689309
8689469
8689495
8689783
8689868
8690140
8690284
8690556
8690805
8691273
8691506
8691616
8691720
8694891
8695097
8695466
8695720
8695843
8696839
8696967
8697201
8697581
8697616
8697873
8697882
8698298
8698324
8698328
8699087
8699329
8699401
8699796
8699923
8699978
8700272
8700333
8700359
8700649
8700796
8701011
8701057
8701298
8701510
8701688
8701765
8701766
8701811
8701954
8702276
8702417
8702456
8702633
8702803
8703202
8703334
8703550
8704527
8705234
8705258
8705374
8706159
8706451
8706523
8706536
8706774
8707713
8707718
8707754
8707887
8708124
8708178
8708904
8709075
8709504
8712492
8713879
8714481
8714799
8715301
8715443
8717189
8717742
8717960
8719294
8720000
8720226
8720324
8721048
8721222
8721956
8722002
8722460
8722615
8723113
8723181
8723205
8724680
8724783
