21811169
21811465
21811868
21812440
21813234
21813358
21814142
21814499
21814737
21814803
21815333
21816284
21816844
21818149
21818208
21819652
21820043
21820460
21820892
21821371
21821904
21822168
21822269
21823157
21824918
21825490
21826950
21828190
21829192
21830205
21830422
21832375
21832475
21834462
21834972
21836832
21839617
21840161
21840469
21840852
21841107
21841573
21841990
21842657
21843241
21843726
21844057
21844063
21844226
21845939
21847333
21847671
21848262
21848662
21848875
21851756
21853409
21853723
21854073
21855889
21856530
21857410
21858045
21860016
21860909
21860940
21861778
21863287
21864316
21865710
21865776
21867206
21867990
21869719
21870560
21871262
21871973
21872295
21872433
21872843
21872998
21874609
21876499
21876956
21879355
21879603
21879718
21880046
21880571
21881722
21883346
21884129
21884308
21884486
21885454
21886657
21886674
21887692
21891393
21891700
