5054719
5054722
5054733
5054802
5054803
5054811
5054862
5056048
5056069
5056332
5057073
5057078
5057265
5057403
5057439
5057456
5057679
5057722
5057736
5057789
5057841
5057995
5058398
5058482
5058537
5058628
5058645
5058760
5058764
5058985
5059049
5059251
5059321
5059625
5059795
5060164
5060443
5060484
5060669
5060773
5060913
5061006
5061740
5061782
5061967
5062180
5062500
5062533
5062562
5062827
5063135
5063231
5063247
5063824
5064253
5064369
5064387
5064472
5064475
5064507
5064515
5064534
5064554
5064568
5064689
5065094
5065442
5065984
5066262
5066316
5066352
5066388
5066460
5066528
5066540
5066691
5066752
5066788
5066891
5067117
5067331
5067936
5068119
5068169
5068199
5068204
5068300
5068335
5068823
5068990
5068992
5069462
5069675
5069699
5070378
5070438
5070472
5070660
5070674
