23448269
23448830
23449565
23449934
23450108
23450517
23450817
23451184
23451643
23451747
23459592
23461799
23462596
23463096
23463208
23465605
23465964
23466830
23469403
23472287
23473242
23474841
23474933
23475412
23476295
23477063
23478107
23478239
23479094
23479539
23479578
23479783
23480794
23481344
23481436
23482696
23483094
23484620
23489034
23489815
23490299
23491189
23492121
23492907
23493145
23494243
23494650
23496111
23496311
23497036
23497731
23497834
23498206
23498264
23498451
23498569
23498718
23498878
23499354
23499956
23500752
23502222
23502713
23503563
23504114
23505125
23505595
23506671
23506698
23508008
23512548
23513154
23514384
23516686
23516823
23517052
23519505
23520924
23521067
23521285
23522206
23522221
23522309
23523250
23524042
23524603
23524778
23526029
23526311
23527743
23528015
23528027
23528175
23529318
23530423
23530927
23531464
23531742
23532431
23533764
