2272690
2273108
2273394
2273461
2273576
2273796
2273907
2274107
2274191
2274372
2274585
2274819
2274853
2274960
2275133
2275323
2275373
2275532
2275538
2275567
2275721
2275774
2275844
2275976
2276024
2276563
2276575
2276646
2276679
2276707
2276719
2276828
2277005
2277025
2277045
2277296
2277511
2277587
2277733
2277741
2278000
2278157
2278508
2278603
2278631
2278791
2278810
2278835
2279060
2279127
2279184
2279294
2279380
2279640
2279656
2279678
2279915
2280000
2280184
2280633
2281137
2281258
2281446
2281572
2281660
2281984
2282073
2282116
2282131
2282134
2282272
2282464
2282622
2282771
2282846
2282893
2282938
2283022
2283459
2283529
2283569
2283592
2283670
2283694
2283709
2283961
2284075
2284136
2284217
2284355
2284640
2284752
2284837
2284878
2285151
2285248
2285267
2285526
2285569
2285631
