40042262
40044737
40046035
40047425
40048011
40048243
40049946
40050100
40053195
40055842
40057332
40057919
40063128
40067251
40067399
40067611
40068391
40068501
40074985
40076836
40080848
40081587
40082311
40082408
40083179
40083266
40085693
40087831
40088311
40089873
40093575
40097050
40099460
40101479
40103688
40105854
40106405
40107839
40108006
40108034
40114509
40115781
40117648
40117683
40118162
40118564
40119812
40120187
40120497
40127109
40133661
40137066
40139110
40141408
40142418
40142698
40143360
40145757
40146437
40151440
40152533
40155768
40157269
40157834
40158365
40159490
40160265
40162099
40168287
40168607
40170053
40171163
40171682
40175257
40178707
40178769
40178981
40180167
40180278
40181223
40184409
40184599
40184890
40185819
40187256
40188440
40188961
40189012
40192260
40194880
40197665
40203514
40206906
40207989
40211248
40211581
40215301
40216301
40217114
40220174
