2570706
2570855
2571581
2572057
2572093
2572305
2572555
2572556
2572605
2572852
2573219
2573238
2573475
2574255
2574300
2574327
2574567
2574606
2574736
2575013
2575161
2575189
2575227
2575576
2576085
2577400
2577444
2577538
2577612
2577658
2577739
2577927
2578291
2578395
2578586
2578806
2578908
2578969
2578972
2579000
2579007
2579009
2579012
2579115
2579199
2579234
2579289
2579325
2579401
2579457
2579500
2579504
2579574
2579625
2579666
2579813
2579848
2579970
2580182
2580503
2580654
2580802
2580971
2581243
2581255
2581262
2581421
2581608
2581664
2581675
2581845
2581902
2581961
2581990
2582057
2582136
2582170
2582244
2582246
2582248
2582605
2582686
2582868
2583009
2583037
2583087
2583103
2583119
2583203
2583330
2583341
2583940
2583966
2584458
2584530
2584706
2584857
2584863
2585057
2585261
