12649643
12650939
12651916
12652809
12653078
12653152
12653337
12653739
12653859
12653984
12654347
12655278
12655658
12655980
12656855
12657475
12658216
12658446
12658849
12659112
12659443
12661006
12661083
12661630
12661899
12662125
12662334
12662368
12663808
12663909
12664249
12664258
12664715
12664969
12665111
12665181
12665203
12665757
12666416
12666867
12668050
12668293
12669262
12669462
12669680
12670094
12671332
12672149
12672778
12672788
12673546
12673572
12674110
12674256
12674448
12674850
12675128
12675628
12675632
12676353
12677013
12677380
12678041
12678107
12679011
12679017
12679303
12679440
12681091
12681093
12681103
12681139
12681446
12681983
12682302
12682433
12682698
12683470
12683888
12684936
12686044
12687192
12687390
12688025
12688232
12688646
12688975
12689747
12690218
12690260
12691500
12692166
12692273
12692691
12692843
12693992
12694168
12695037
12695665
12696755
