8758995
8759165
8759510
8760181
8760913
8761607
8761801
8761897
8761961
8762122
8762176
8762300
8762614
8763323
8763752
8763841
8764298
8764409
8764955
8765238
8765963
8766282
8766827
8767011
8767041
8767701
8768222
8768763
8768987
8769112
8769366
8769418
8769695
8769726
8770106
8770165
8770755
8771322
8771403
8773157
8773301
8773606
8773753
8774766
8775497
8775785
8775981
8776886
8777422
8777771
8777890
8778115
8778206
8778267
8778285
8778417
8778535
8778579
8778594
8778681
8779266
8779961
8780321
8780478
8781041
8781160
8781288
8781544
8782330
8782816
8783003
8783092
8783161
8783882
8783976
8784167
8784208
8784280
8785753
8785928
8786109
8786207
8786898
8787548
8787635
8787704
8788070
8788299
8788393
8788425
8788528
8789224
8789917
8790037
8791003
8791940
8793293
8793581
8794175
8794473
