3230897
3230994
3231052
3231121
3231180
3231183
3231285
3231340
3231429
3231464
3231467
3231493
3231558
3231601
3231634
3231679
3231820
3231907
3231919
3231930
3231948
3231971
3232056
3232189
3232413
3232433
3232973
3233132
3233143
3233328
3233527
3233576
3233755
3234003
3234022
3234498
3234544
3234548
3234789
3234865
3235158
3235501
3235570
3235653
3235780
3235846
3235939
3236051
3236251
3236435
3236469
3236484
3236545
3236886
3237230
3237436
3237542
3237560
3237741
3237803
3237810
3238073
3238099
3238116
3238148
3238400
3238417
3238604
3238772
3238787
3239130
3239233
3239241
3239277
3239576
3239692
3239708
3239785
3239811
3239921
3239923
3240430
3240435
3240729
3240780
3241063
3241239
3241464
3241471
3241474
3241644
3241693
3241816
3241981
3242029
3242077
3242292
3242390
3242414
