3770696
3770867
3771081
3771248
3771440
3771487
3771514
3771564
3771809
3771819
3772083
3772692
3773215
3773294
3773364
3773505
3773568
3773912
3774062
3774430
3774590
3774751
3774982
3775078
3775536
3775564
3775727
3775780
3776035
3776071
3776362
3776407
3776512
3776526
3776634
3776637
3777489
3777579
3777707
3778228
3778563
3778951
3779064
3779425
3780219
3780224
3780227
3780230
3780241
3780557
3780763
3780814
3780816
3780852
3780869
3781096
3781249
3781334
3781564
3781683
3781709
3781731
3781770
3781775
3781780
3781781
3781782
3782415
3782594
3782645
3782850
3782913
3783284
3783633
3783824
3783933
3783991
3784497
3785285
3785299
3785387
3785561
3785630
3785728
3786072
3786153
3786594
3786699
3786992
3787007
3787348
3787478
3787500
3787607
3787698
3787706
3787784
3787977
3788009
3788109
