1357223
1357247
1357292
1357448
1357454
1357564
1357619
1357630
1357672
1357700
1357756
1357770
1358118
1358377
1358417
1358469
1358753
1358760
1358878
1358887
1358912
1359135
1359173
1359345
1359426
1359626
1359732
1359802
1359890
1359960
1360240
1360260
1360394
1360397
1360563
1360862
1360983
1361224
1361287
1361523
1361599
1361782
1361805
1361954
1361973
1361993
1362030
1362116
1362250
1362263
1362346
1362855
1363136
1363140
1363258
1363372
1363383
1363437
1363479
1363725
1363740
1363794
1363828
1363829
1364019
1364277
1364281
1364288
1364324
1364425
1364459
1364486
1364493
1364661
1364715
1364722
1364791
1364818
1364882
1365441
1365517
1365572
1365670
1365845
1365915
1365922
1365970
1366079
1366223
1366366
1366426
1366600
1366616
1366667
1366923
1366934
1366967
1367119
1367242
1367446
