6630371
6631026
6631032
6631035
6631171
6631251
6631269
6631962
6631963
6632541
6632588
6632615
6633480
6633621
6633651
6634915
6636304
6636313
6637213
6638360
6638428
6638916
6639068
6639294
6639393
6639626
6639639
6640044
6640796
6641019
6641057
6642930
6643543
6643829
6644367
6645184
6646538
6646619
6646914
6647771
6648010
6648055
6648395
6648468
6648599
6649368
6649914
6651535
6651626
6651920
6652102
6652925
6653336
6653799
6653960
6654120
6654426
6655370
6655580
6655691
6655951
6656252
6656551
6656845
6657020
6657478
6657689
6657848
6659489
6659901
6660544
6660647
6662110
6662501
6662518
6662849
6663767
6663962
6664004
6664884
6665091
6665319
6665357
6665735
6665951
6666007
6666192
6666314
6666780
6667334
6667578
6667700
6667714
6668068
6668576
6668579
6668917
6669082
6669387
6669697
