38829525
38831166
38831328
38835090
38837765
38841581
38841988
38845962
38845973
38846191
38846976
38847809
38848532
38848630
38851322
38853835
38854034
38854147
38854533
38858904
38859129
38859207
38860361
38860407
38862482
38862801
38863719
38866095
38870675
38871269
38874266
38874667
38875473
38875611
38881028
38883583
38887218
38888262
38889697
38889964
38891935
38893525
38895416
38897469
38898618
38899796
38900023
38901261
38901732
38902253
38903198
38903212
38903837
38918498
38919014
38921279
38923464
38924773
38924795
38924918
38926197
38926218
38927725
38927733
38929062
38929261
38932432
38934627
38935029
38935601
38936423
38938096
38938504
38940686
38940749
38941828
38942769
38943917
38945289
38946837
38948715
38952524
38953619
38956200
38957490
38960787
38964531
38964942
38966988
38971672
38973338
38973737
38974092
38975661
38976587
38979430
38980294
38981413
38982189
38984407
