3400198
3400269
3400375
3400392
3400461
3400595
3400599
3400657
3401061
3401091
3401291
3401448
3402019
3402180
3402695
3402957
3402966
3403150
3403256
3403278
3403776
3403787
3403812
3404089
3405174
3405393
3405475
3405520
3405714
3405716
3406008
3406119
3406179
3406346
3406360
3406534
3406760
3406930
3406949
3407061
3407450
3407637
3408140
3408216
3408945
3409056
3409429
3409770
3409873
3409996
3410365
3410465
3410843
3410850
3410989
3411058
3411123
3411269
3411379
3411427
3411439
3411522
3411819
3411990
3412055
3412193
3412295
3412320
3412373
3412528
3412608
3412614
3412655
3412780
3412784
3412895
3412917
3412938
3412951
3413031
3413071
3413077
3413084
3413140
3413153
3413244
3413323
3413326
3413743
3413802
3414247
3414272
3414415
3414571
3414889
3415087
3415347
3415702
3415915
3416663
