8624017
8624126
8624795
8625051
8625291
8625768
8625790
8625832
8625874
8626329
8626384
8626660
8626725
8626979
8627474
8627490
8627545
8628686
8628754
8628786
8628827
8628835
8629316
8629521
8630613
8630626
8630797
8631648
8631781
8632601
8632608
8632825
8633208
8633324
8634191
8634353
8634560
8634975
8635102
8635531
8635678
8636647
8636982
8637565
8637844
8637970
8638333
8638511
8638973
8639385
8639857
8640594
8640721
8640804
8640973
8640980
8641171
8641448
8641658
8641900
8641981
8643388
8643507
8643923
8644740
8645771
8645812
8646039
8646122
8646207
8646456
8646475
8647067
8648072
8648551
8648698
8649176
8649181
8649239
8649338
8649412
8649795
8649827
8650612
8650963
8651129
8651199
8651233
8651313
8652221
8652810
8653102
8653363
8653728
8653909
8654269
8654578
8654671
8655258
8655353
