18184786
18184984
18185868
18186191
18186343
18187122
18187933
18188115
18188630
18188670
18188945
18188946
18188955
18189769
18189880
18190254
18191433
18191442
18191678
18192720
18193131
18193422
18193592
18194158
18194497
18194523
18195429
18196103
18196776
18197378
18197391
18198165
18198225
18198888
18199201
18199478
18199508
18199538
18202434
18202584
18202645
18204764
18204934
18206153
18206239
18208584
18209288
18209866
18210643
18211176
18213298
18213356
18213587
18213650
18214513
18215433
18215592
18215710
18217126
18217716
18218776
18219000
18219496
18219585
18220456
18220678
18221594
18221822
18223478
18223718
18223745
18224200
18226158
18226512
18228220
18228451
18228607
18229278
18231190
18231337
18233162
18233746
18234485
18235133
18235629
18236637
18236771
18237176
18237519
18238961
18239754
18239788
18239809
18239824
18240017
18241877
18242285
18243301
18243440
18243765
