1367454
1367618
1367697
1367809
1367903
1367953
1368193
1368207
1368355
1368394
1368599
1368683
1368815
1368853
1368874
1368886
1368925
1368958
1369008
1369011
1369106
1369139
1369201
1369250
1370012
1370253
1370280
1370531
1370856
1370926
1370938
1370972
1371444
1371674
1371960
1372071
1372257
1372425
1372465
1372472
1372523
1372553
1372674
1372747
1372801
1373132
1373273
1373276
1373290
1373309
1373420
1373449
1373456
1373561
1373800
1373893
1373937
1374074
1374137
1374310
1374424
1374605
1374663
1374721
1374750
1375250
1375414
1375631
1375799
1375870
1376070
1376315
1376403
1376475
1376555
1376766
1376774
1376793
1376841
1377003
1377019
1377031
1377047
1377276
1377362
1377404
1377472
1377498
1377541
1377651
1377666
1377699
1377744
1377775
1377894
1377920
1377990
1378141
1378166
1378222
