37689029
37691559
37692290
37694034
37699533
37699814
37705967
37709965
37710450
37710495
37711275
37711565
37712213
37713846
37719047
37719685
37721197
37721465
37721515
37723943
37724691
37726256
37726656
37726676
37728612
37728963
37730786
37732101
37733538
37736345
37741436
37743406
37744376
37746151
37747790
37750552
37751253
37752057
37754861
37755490
37757021
37757633
37762742
37763004
37765784
37769249
37771011
37771576
37772185
37772645
37775334
37775862
37777715
37778959
37779753
37779781
37782387
37784586
37786037
37786329
37786857
37787154
37789116
37789382
37792537
37794200
37794474
37794825
37796457
37797090
37798956
37802563
37802898
37803592
37803746
37804643
37805784
37807529
37808250
37810325
37814557
37816217
37817284
37820543
37822649
37824640
37824757
37829086
37829180
37834611
37835127
37835870
37836221
37837178
37837262
37839789
37841185
37842017
37844446
37846122
