5863829
5864088
5864342
5864553
5864579
5864699
5864711
5864829
5864877
5865474
5865574
5865883
5866177
5866600
5866662
5867178
5867197
5867226
5867582
5868156
5868372
5868592
5868798
5868828
5868857
5868886
5868935
5869459
5869595
5869701
5869915
5869930
5869961
5870378
5870894
5871144
5871246
5871257
5871313
5871325
5872090
5872127
5872215
5872361
5872640
5872844
5873264
5873393
5873501
5873553
5873788
5873820
5874332
5874349
5874601
5874721
5874887
5874987
5875291
5875379
5875844
5876014
5876015
5876034
5876050
5876113
5876348
5876388
5876597
5876883
5876940
5877090
5877905
5877959
5878200
5878233
5878571
5878798
5878951
5878971
5879338
5879465
5879641
5879734
5879896
5880296
5880343
5880406
5880491
5880719
5880804
5880920
5881031
5881147
5881680
5881985
5882103
5882279
5882312
5882692
