32459789
32460123
32460641
32461728
32462179
32465050
32465206
32465422
32466242
32467018
32467455
32468055
32469835
32471123
32472173
32475424
32479214
32480015
32480328
32482470
32483427
32483645
32483938
32486576
32488526
32488593
32488706
32488871
32489767
32491491
32492218
32497279
32500322
32500486
32503111
32503568
32504964
32506462
32506890
32512445
32513593
32514133
32514895
32514946
32515203
32518891
32519097
32520402
32521501
32522000
32522180
32522260
32524137
32524828
32525413
32526946
32527217
32528205
32528362
32529514
32529520
32530153
32530756
32531162
32531614
32532056
32532937
32534407
32536789
32537352
32537585
32539510
32539840
32541869
32542820
32542974
32545377
32548179
32549213
32550578
32553037
32553111
32554508
32554558
32556205
32557342
32559795
32560250
32562492
32563161
32563303
32564186
32564669
32566233
32567305
32568271
32569028
32569844
32571337
32581017
