4564272
4564323
4564472
4564534
4564741
4564779
4564940
4565075
4565221
4565309
4565344
4565636
4565675
4565825
4566085
4566225
4566311
4566356
4566736
4566865
4566987
4567284
4567425
4567657
4567923
4568387
4568572
4568754
4568861
4568937
4569412
4569696
4569761
4569766
4569994
4570189
4570210
4570384
4570663
4570805
4570828
4570877
4571069
4571188
4571193
4571513
4571571
4571702
4571735
4571828
4571858
4572120
4572379
4572648
4572818
4572840
4572889
4573016
4573125
4573694
4573782
4574306
4574352
4574431
4574713
4574921
4575131
4575185
4575328
4575356
4575378
4575533
4575593
4575595
4575842
4575867
4576439
4576561
4576664
4576839
4576857
4576872
4576986
4577257
4577300
4577417
4577708
4577946
4578061
4578117
4578148
4578325
4578380
4578398
4578597
4578725
4578824
4579050
4579076
4579165
