2840257
2840403
2840559
2840603
2840835
2840921
2841001
2841060
2841206
2841506
2841538
2841571
2841610
2842288
2842442
2842478
2842506
2842585
2842864
2842868
2843041
2843087
2843129
2843169
2843496
2843528
2843533
2843537
2843613
2843619
2843666
2843676
2843706
2843798
2844056
2844073
2844373
2844895
2845306
2845544
2845570
2845628
2845683
2845851
2845990
2845991
2845992
2845993
2845994
2845996
2846120
2846142
2846208
2846209
2846211
2846212
2846215
2846217
2846219
2846250
2846407
2846412
2846417
2846480
2846552
2846631
2846638
2846646
2846648
2846658
2846752
2847034
2847035
2847224
2847425
2847642
2847700
2847908
2848125
2848226
2848292
2848391
2848640
2848772
2848847
2848971
2849125
2849536
2849664
2850026
2850437
2850516
2850715
2850786
2850878
2850935
2851083
2851442
2851548
2851567
