17678649
17679039
17679151
17679921
17680557
17680663
17682248
17683048
17683996
17684857
17685279
17685717
17687039
17687540
17688351
17688423
17689050
17689254
17689746
17691299
17691530
17691725
17692270
17694289
17695116
17695490
17696593
17696892
17697175
17697199
17697421
17697749
17697802
17697906
17698939
17699152
17699704
17700775
17702039
17707829
17708466
17709962
17710554
17710673
17710843
17711775
17712056
17713329
17714041
17714047
17714245
17715318
17715613
17716257
17717405
17717726
17719291
17719608
17719611
17720128
17720438
17723034
17723404
17724065
17724100
17724449
17724697
17725200
17725380
17726481
17727109
17727333
17728509
17728700
17728811
17729655
17729940
17730211
17730703
17731137
17731314
17731321
17732434
17733157
17733887
17734511
17736350
17738770
17739500
17739643
17741559
17741893
17743031
17743401
17743866
17743977
17744146
17745719
17746225
17746270
