2651164
2651167
2651369
2651426
2651492
2651620
2651785
2651787
2651926
2652087
2652331
2652355
2652440
2652537
2652714
2652797
2652897
2652956
2652979
2653069
2653089
2653271
2653451
2653510
2653514
2653597
2653776
2653928
2654209
2654311
2654752
2654895
2655251
2655262
2655287
2655289
2655403
2655409
2655634
2655642
2655813
2655826
2655925
2655956
2656092
2656281
2656395
2656428
2656572
2657123
2657193
2657316
2657348
2657420
2657452
2657460
2657932
2658137
2658174
2658266
2658311
2658329
2658424
2658557
2658780
2659454
2659482
2659538
2659598
2659749
2659795
2659873
2659936
2660115
2660354
2660355
2660495
2660567
2660645
2660752
2661002
2661129
2661218
2661354
2661376
2661750
2661985
2662294
2662402
2662494
2662613
2662638
2662643
2662846
2663298
2663306
2663333
2663609
2663658
2663965
