1413868
1414050
1414074
1414094
1414113
1414118
1414140
1414143
1414167
1414271
1414304
1414357
1414458
1414477
1414564
1414595
1414759
1414783
1414925
1414980
1415105
1415164
1415299
1415522
1415539
1415649
1415675
1415683
1415735
1415796
1415910
1415942
1416093
1416116
1416192
1416312
1416335
1416471
1416655
1416694
1416737
1416813
1416912
1416917
1417251
1417392
1417571
1417705
1417760
1417778
1417928
1418095
1418249
1418319
1418338
1418458
1418478
1418500
1418580
1418779
1418865
1418885
1418904
1418925
1418948
1419025
1419090
1419101
1419181
1419447
1419455
1419537
1419547
1419738
1419847
1420045
1420141
1420162
1420536
1420571
1420654
1420680
1420751
1420780
1420784
1420996
1421083
1421239
1421321
1421407
1421418
1421477
1421507
1421591
1421933
1422525
1422630
1422661
1422790
1422908
