5088897
5089136
5089209
5089386
5089744
5089754
5089871
5089881
5089985
5090158
5090404
5090505
5090632
5090819
5091049
5091065
5091169
5091213
5091372
5091705
5091894
5092150
5092154
5092330
5092435
5092660
5093371
5093479
5093727
5093783
5093885
5094187
5094232
5094293
5094336
5094340
5094466
5094944
5095083
5095230
5095290
5095493
5095707
5095873
5095918
5096199
5096207
5096358
5096373
5096460
5096559
5096798
5096867
5097085
5097105
5097732
5097867
5098107
5098158
5098369
5098466
5098698
5099205
5099365
5099535
5100010
5100130
5100222
5101058
5101353
5101562
5101746
5101754
5101837
5101838
5101928
5102733
5103558
5103618
5104063
5104137
5104158
5104197
5104258
5104506
5104944
5105021
5105088
5105359
5105466
5105523
5105766
5105769
5106099
5106183
5106363
5106808
5106883
5107253
5107412
