602107
602246
602337
602355
602436
602590
602607
602616
602691
602700
602702
602710
602711
602735
602761
602793
602831
602877
602943
603057
603113
603194
603401
603404
603572
603912
603951
604235
604443
604463
604779
604883
604959
604964
604999
605051
605146
605148
605149
605150
605151
605156
605157
605159
605163
605229
605381
605875
605897
605975
605993
606350
606450
606674
606887
606973
607005
607038
607061
607489
607601
607618
607632
607659
607667
607804
607853
607911
607946
608670
608707
608861
609145
609161
609221
609331
609614
609639
609656
609659
609859
609868
609875
610080
610213
610481
610509
610700
610975
610981
611408
611444
611623
611669
611698
611786
611806
611865
611898
611907
