35236014
35236449
35236620
35239231
35239991
35240570
35241936
35243411
35244002
35247103
35247680
35248404
35250383
35252833
35253028
35253273
35254809
35255111
35256281
35259198
35259387
35263990
35266119
35269749
35269880
35270682
35277110
35280106
35280639
35281499
35281713
35282296
35282979
35284203
35284405
35284545
35287348
35287425
35289891
35290531
35291841
35292634
35296413
35297847
35298412
35299565
35301261
35301489
35301511
35302053
35302054
35302470
35302514
35302796
35305926
35305994
35306314
35306327
35310258
35312015
35315073
35315564
35317292
35319796
35320405
35320542
35325592
35326292
35327273
35329878
35329998
35333886
35340135
35341345
35343587
35343662
35343698
35348858
35349003
35349768
35352718
35353373
35356561
35356720
35359173
35359755
35360088
35368852
35371836
35372959
35374185
35377172
35377641
35377743
35377966
35379277
35379414
35380371
35381174
35382963
