3704465
3704603
3704903
3704924
3704954
3704970
3704981
3705330
3705332
3705410
3705476
3705882
3705921
3706006
3706635
3706809
3706896
3706913
3707660
3708001
3708045
3708092
3708363
3708393
3708503
3708548
3708632
3708706
3708775
3708995
3709031
3709305
3709317
3709513
3709524
3709542
3709810
3710051
3710192
3710293
3710415
3710468
3710641
3710658
3710711
3710895
3711086
3711140
3711223
3711633
3712035
3712055
3712087
3712181
3712316
3712890
3712969
3713188
3713304
3713538
3713806
3713818
3713965
3714107
3714242
3714268
3714305
3714581
3714665
3715183
3715492
3715604
3715621
3715886
3716065
3716244
3716389
3716414
3716851
3717008
3717065
3717374
3717719
3717955
3717966
3718020
3718027
3718602
3719312
3719395
3719488
3719581
3719599
3719758
3719780
3719802
3719941
3720007
3720055
