1155168
1155486
1155704
1155775
1155818
1155842
1155903
1155906
1155914
1155918
1156199
1156277
1156396
1156409
1156421
1156450
1156629
1156660
1156770
1156785
1157058
1157106
1157174
1157183
1157277
1157324
1157325
1157461
1157607
1157772
1157848
1157907
1157941
1158000
1158003
1158035
1158050
1158138
1158196
1158552
1158558
1158561
1158603
1158617
1158648
1158872
1158892
1158917
1158921
1158956
1158975
1159131
1159178
1159382
1159422
1159644
1159768
1159776
1159836
1159909
1160187
1160265
1160270
1160695
1160790
1160813
1160883
1161048
1161123
1161178
1161326
1161439
1161523
1161526
1161588
1161609
1161614
1161836
1161970
1162105
1162151
1162213
1162218
1162293
1162500
1162862
1162941
1163108
1163121
1163124
1163137
1163223
1163228
1163300
1163318
1163377
1163398
1163587
1163722
1163842
