38180149
38180629
38182248
38182277
38183256
38185130
38189275
38189626
38189811
38192018
38192543
38193501
38194366
38194685
38196246
38197304
38198546
38205638
38209151
38209546
38211165
38212364
38214233
38216179
38216647
38217506
38218250
38219407
38219532
38220737
38221999
38222717
38222813
38223024
38225047
38226412
38228845
38229219
38232511
38232521
38235482
38235556
38239389
38241744
38242078
38242458
38245030
38245562
38248270
38249810
38254225
38255332
38256974
38259247
38261846
38261888
38261948
38263532
38263867
38263962
38265694
38266316
38267363
38269970
38271131
38276097
38277338
38279018
38279281
38279435
38286500
38286609
38286979
38292179
38292495
38292880
38293856
38293868
38294346
38294689
38295010
38295976
38296843
38296989
38297843
38297975
38298125
38300683
38303555
38304982
38305054
38306561
38308331
38308979
38309587
38310270
38310800
38311120
38311570
38318068
