29464494
29466702
29466902
29467421
29471900
29472448
29472889
29474662
29474776
29476413
29479081
29479137
29479599
29479628
29479790
29480462
29482005
29482082
29482137
29485212
29485513
29486012
29486039
29486774
29489678
29490385
29490881
29491527
29494515
29494546
29495768
29497454
29497540
29498241
29502625
29505991
29510134
29510262
29514055
29515610
29515851
29520602
29521288
29521505
29522962
29525651
29527672
29532431
29534736
29536540
29538044
29538053
29538653
29539964
29540348
29540378
29543099
29545498
29547497
29547853
29549218
29550462
29550805
29556098
29557590
29560029
29562122
29562191
29562449
29566740
29574205
29574509
29575406
29576213
29579526
29583561
29585559
29585894
29587123
29587279
29587530
29588610
29588756
29589390
29589753
29590223
29591800
29593697
29594582
29595941
29596686
29596774
29599173
29600464
29600615
29600895
29604572
29605306
29605359
29608135
