940764
940834
940915
940926
941224
941426
941430
941439
941470
941502
941658
941691
941710
941854
941874
941876
941946
941978
942103
942164
942177
942218
942220
942321
942528
942786
942858
942917
943035
943273
943364
943402
943415
943699
943795
943886
944123
944279
944331
944384
944501
944519
944562
944607
944757
944782
944798
944811
944969
945011
945075
945160
945169
945204
945240
945290
945319
945487
945888
945906
946027
946155
946278
946343
946544
946557
946723
946728
946810
947112
947161
947251
947678
947729
947899
947900
948007
948158
948217
948231
948377
948408
948433
948616
948744
948774
948785
948934
949009
949043
949071
949093
949135
949184
949339
949428
949451
949534
949601
949883
