1610285
1610291
1610545
1610566
1610575
1610672
1610689
1610702
1610831
1610985
1610987
1610991
1611031
1611255
1611295
1611771
1611928
1612069
1612160
1612349
1612410
1612524
1612612
1612628
1612749
1612840
1612842
1612987
1613057
1613127
1613620
1613626
1613698
1613795
1613803
1613819
1613857
1613941
1614212
1614402
1614513
1614554
1614557
1614568
1614612
1614615
1614649
1614659
1614701
1614742
1614825
1614876
1614877
1614961
1615024
1615180
1615418
1616162
1616192
1616223
1616346
1616365
1616373
1616483
1616647
1616698
1617064
1617084
1617173
1617308
1617370
1617382
1617403
1617558
1617689
1617713
1617905
1617945
1618136
1618294
1618324
1618332
1618456
1618512
1618519
1618935
1619156
1619306
1619392
1619431
1619552
1619585
1619634
1619801
1619891
1619983
1620048
1620056
1620068
1620110
