6268360
6268488
6268549
6268682
6269071
6269274
6269898
6270231
6270430
6271029
6271145
6271250
6271519
6271578
6271945
6272624
6273733
6275006
6275064
6275239
6276374
6276438
6276509
6276906
6276959
6277529
6277534
6277773
6277877
6278295
6278426
6278607
6278672
6278831
6279262
6279405
6279478
6279635
6279670
6279759
6279853
6279917
6280033
6280432
6280871
6281216
6281441
6281733
6281835
6282219
6282531
6283184
6283396
6283603
6284090
6284148
6284475
6284809
6284951
6286532
6286946
6287111
6287168
6288507
6289182
6289209
6289422
6289746
6289911
6290063
6290865
6291184
6291446
6292677
6292714
6293382
6293614
6293742
6293808
6294424
6294492
6294515
6294810
6294937
6295776
6295895
6296081
6296169
6297053
6297068
6297631
6297700
6298634
6298991
6299057
6299271
6299274
6300520
6301433
6301624
