1592267
1592285
1592380
1592383
1592549
1592700
1592927
1593004
1593044
1593065
1593136
1593357
1593477
1593490
1593515
1593545
1593566
1593575
1593640
1593844
1593868
1593966
1593993
1594163
1594234
1594250
1594266
1594319
1594339
1594393
1594429
1594681
1595001
1595088
1595106
1595208
1595346
1595439
1595479
1595511
1595533
1595601
1595739
1595822
1595887
1595916
1595946
1595958
1595989
1596249
1597054
1597067
1597263
1597355
1597378
1597397
1597470
1597518
1597599
1597680
1597712
1597717
1597979
1598227
1598290
1598392
1598425
1598477
1598503
1598558
1598734
1598785
1599024
1599029
1599032
1599042
1599045
1599238
1599239
1599244
1599338
1599374
1599445
1599498
1599573
1599600
1599608
1599640
1599882
1599915
1600129
1600156
1600187
1600251
1600328
1600580
1600648
1600803
1600866
1600903
