5308816
5308890
5309156
5309166
5309176
5309271
5309308
5309704
5309738
5310034
5310125
5310210
5310386
5310419
5310559
5310839
5310859
5310929
5310938
5311093
5311148
5311277
5311314
5311416
5311519
5312166
5312342
5313582
5313617
5313759
5314062
5314078
5314135
5314162
5314378
5314408
5314452
5314738
5315008
5315035
5315335
5315481
5315634
5315764
5315988
5316030
5316093
5316292
5316395
5316468
5316727
5316796
5316806
5316867
5316873
5317243
5317360
5317489
5317513
5317565
5317606
5317649
5318295
5318321
5318392
5318544
5319378
5319469
5319513
5319525
5319699
5319818
5319854
5319965
5320039
5320198
5320833
5321509
5321605
5321763
5322067
5322116
5322128
5322495
5322776
5322866
5323028
5323517
5323637
5323765
5323809
5324058
5324600
5325268
5325640
5325813
5325963
5325996
5326110
5326448
