1312386
1312443
1312505
1312536
1312547
1312704
1312754
1312871
1312923
1313004
1313108
1313162
1313215
1313300
1313379
1313409
1313450
1313481
1313518
1313630
1313648
1313755
1313854
1313876
1313994
1314043
1314048
1314137
1314150
1314564
1314618
1314638
1314686
1314761
1314915
1315005
1315166
1315907
1315952
1316004
1316090
1316113
1316152
1316202
1316358
1316378
1316379
1316439
1316494
1316608
1316663
1316664
1316674
1316984
1317003
1317035
1317151
1317188
1317324
1317474
1317720
1317770
1317843
1317993
1318003
1318086
1318118
1318163
1318243
1318325
1318527
1318560
1318656
1318659
1318694
1318757
1318782
1319147
1319191
1319393
1319441
1319499
1319540
1319556
1319570
1319595
1319613
1319625
1319728
1319778
1319842
1319877
1319895
1319976
1320026
1320046
1320058
1320488
1320704
1320710
