34505830
34508140
34508567
34508706
34510620
34514075
34515123
34515662
34516802
34519870
34522031
34526343
34526726
34532689
34533755
34535748
34536171
34536854
34537856
34537958
34539856
34540244
34541897
34541947
34542801
34543365
34550417
34551153
34558130
34560682
34562772
34563123
34563891
34564822
34565104
34567153
34567523
34567617
34568573
34569071
34569706
34571784
34573614
34576324
34576948
34577120
34577190
34578389
34582714
34582932
34585294
34587763
34589153
34589223
34594794
34597838
34604597
34604868
34605425
34606696
34607827
34608283
34609212
34609933
34612521
34613527
34613702
34613892
34615498
34617493
34617590
34619817
34620960
34622815
34624151
34629715
34632303
34634089
34636062
34636439
34636854
34638745
34640952
34641514
34644754
34645534
34647250
34647450
34655438
34656498
34660719
34662900
34665146
34667003
34667752
34671786
34672018
34672839
34677213
34679687
