19480654
19481402
19482176
19482212
19482573
19482969
19483269
19483477
19483863
19484194
19484291
19484548
19484765
19485204
19486993
19487284
19487580
19488132
19488137
19488772
19489272
19490112
19491021
19491107
19491337
19491443
19492828
19493005
19493392
19493853
19494343
19494616
19494999
19495601
19496701
19496960
19497100
19497583
19498072
19499304
19499627
19499858
19500459
19500596
19500800
19501098
19501492
19501590
19501612
19502080
19503408
19504475
19505945
19506713
19507514
19507714
19507715
19511390
19511947
19512479
19512979
19513918
19517250
19520515
19520582
19520811
19520837
19520845
19521764
19522360
19524266
19525004
19525344
19527140
19527153
19527747
19529902
19530265
19530587
19530776
19530815
19530862
19531298
19531369
19531393
19531866
19533521
19534926
19535373
19535649
19535737
19536767
19538359
19538378
19541640
19542412
19546088
19546328
19547029
19547385
