32322572
32322631
32323499
32324680
32325784
32327201
32328966
32329167
32331293
32333328
32334026
32334361
32335017
32335305
32340127
32340863
32341954
32342951
32344836
32345931
32346038
32346162
32346205
32349859
32352382
32353952
32355849
32356766
32357677
32358392
32358784
32362072
32365064
32371405
32373862
32374006
32374290
32374546
32375104
32376492
32376655
32376763
32381147
32383018
32384103
32388704
32389671
32396299
32397955
32398490
32401766
32403517
32403816
32405386
32406047
32406211
32406239
32407001
32407745
32409001
32411399
32412230
32412636
32413205
32413325
32413781
32414677
32414688
32416572
32417764
32418394
32420244
32425456
32426364
32426447
32427444
32427987
32428667
32428924
32429103
32431411
32432984
32433597
32434265
32434626
32434662
32435002
32435163
32435461
32435931
32437806
32438271
32444219
32447279
32450992
32452964
32456097
32456741
32457440
32458601
