2075451
2075479
2075518
2075558
2075644
2076292
2076423
2076425
2076773
2077039
2077125
2077231
2077249
2077451
2077521
2077546
2077582
2077688
2078464
2078492
2078623
2078646
2078699
2078906
2078931
2078933
2078936
2078941
2078949
2078950
2078955
2078956
2078971
2079031
2079032
2079101
2079121
2079332
2079439
2079443
2079615
2079946
2080065
2080076
2080218
2080462
2080504
2080652
2081076
2081218
2081423
2081756
2081862
2081885
2082129
2082228
2082245
2082332
2082345
2082503
2082591
2082592
2082785
2083073
2083100
2083959
2084033
2084048
2084312
2084688
2084718
2084793
2084832
2084928
2084991
2085019
2085123
2085131
2085609
2085887
2085890
2086122
2086255
2086317
2086390
2086444
2086547
2086781
2086849
2087030
2087079
2087140
2087343
2087363
2087365
2087537
2087543
2087548
2087562
2087640
