632460
632544
632696
632883
633226
633313
633455
633463
633667
633767
633779
633996
634103
634220
634287
634346
634348
634377
634421
634792
634902
635042
635230
635306
635367
635391
635443
635517
635694
635700
635834
635886
635936
635981
636281
636407
636421
636441
636654
636663
636869
636894
636985
637034
637038
637093
637109
637175
637209
637346
637635
637705
637803
637997
638388
638491
638845
639276
639325
639351
639743
639837
639961
640069
640412
640415
640559
640565
640577
640706
641190
641286
641368
641463
641714
641742
641789
641866
641913
642034
642112
642167
642277
642370
642457
642614
642672
642975
643106
643109
643112
643294
643567
643629
643698
643936
644002
644008
644116
644172
