5544207
5544455
5544525
5544968
5545112
5545390
5545990
5546036
5546132
5546469
5546580
5546767
5546786
5546890
5547394
5547425
5547554
5547755
5547880
5548131
5548140
5548419
5548772
5549111
5549214
5549236
5549264
5549704
5549718
5549736
5549925
5550363
5550481
5550528
5550709
5550920
5551107
5551432
5551563
5551882
5552109
5552237
5553343
5553645
5553710
5553874
5553897
5554121
5554267
5554298
5554312
5554498
5554548
5554801
5554967
5555053
5555054
5555259
5555818
5555958
5555967
5556069
5556086
5556260
5556411
5556584
5556837
5557036
5557310
5557513
5557718
5557857
5557888
5558431
5558544
5558659
5558890
5558949
5558953
5559052
5559226
5559516
5559779
5560010
5560210
5560273
5560439
5560644
5560799
5560880
5561053
5561415
5561472
5561674
5561705
5561936
5562010
5562032
5562580
5562601
