8371821
8372701
8372971
8373174
8373187
8373213
8373894
8374803
8375079
8375674
8376248
8376699
8377052
8378038
8378477
8378615
8379037
8379135
8379894
8380407
8381199
8381242
8381414
8381768
8381908
8381984
8382219
8382456
8383246
8383248
8383353
8383382
8383696
8383713
8383865
8384412
8385339
8385361
8385570
8385666
8385705
8386089
8386163
8386373
8386546
8386660
8387166
8387244
8387332
8387519
8387703
8388077
8388106
8388264
8388519
8388677
8388696
8388801
8388863
8389103
8389147
8389265
8389278
8389429
8389743
8389806
8389937
8390033
8390036
8390655
8391235
8391335
8391536
8391672
8391795
8392066
8392078
8394206
8394932
8395474
8395876
8396085
8397354
8397802
8398203
8398285
8398602
8398643
8398853
8399880
8400057
8400213
8400491
8400951
8401089
8401518
8401923
8402400
8402542
8402565
