612015
612442
612636
612830
612845
612912
613092
613105
613126
613259
613292
613322
613351
613882
613886
613932
614049
614166
614204
614347
614378
614405
614711
614834
614862
614874
614982
615337
615511
615535
615570
615571
615612
615758
615839
615950
615956
616413
616539
616587
616817
616836
616861
616890
616938
616986
617035
617052
617055
617118
617735
617739
617752
617789
617855
617927
618060
618180
618202
618216
618295
618351
618388
618562
618709
618730
618733
618818
618835
618885
618923
618955
619123
619164
619166
619198
619472
619583
619633
619696
619793
619803
620121
620148
620172
620235
620291
620295
620439
620490
620496
620542
620771
620842
620867
620936
620938
621066
621615
