2791415
2791913
2791944
2792209
2792242
2792255
2792315
2792572
2792613
2792681
2792769
2792860
2792924
2792964
2793338
2793427
2793558
2793727
2793759
2793766
2793791
2793823
2793836
2794024
2794280
2794357
2794428
2794498
2794539
2795022
2795055
2796031
2796203
2796246
2796379
2796460
2796531
2796561
2796671
2796673
2796995
2797057
2797072
2797131
2797164
2797355
2798195
2798228
2798253
2798257
2798668
2798776
2798856
2798934
2799002
2799019
2799130
2799199
2799453
2799466
2799506
2799530
2799585
2799615
2799638
2799766
2799773
2799813
2799816
2799944
2800110
2800200
2800219
2800496
2800510
2800524
2800782
2800966
2801038
2801398
2801511
2801868
2801956
2802082
2802260
2802394
2802499
2802505
2802754
2802901
2802904
2802908
2803280
2803331
2803409
2803485
2803555
2803564
2803619
2803658
