20669519
20670384
20672083
20672362
20672962
20673834
20674202
20674524
20676691
20678235
20683497
20685267
20687500
20690289
20691677
20691973
20693771
20694232
20695354
20695806
20696685
20697714
20697868
20698952
20703845
20703988
20706988
20709588
20710052
20714447
20716256
20716649
20717479
20717616
20717706
20717832
20717867
20717934
20718038
20721285
20722482
20722519
20723418
20723747
20724963
20725623
20726448
20726622
20727018
20727895
20729234
20729687
20730473
20731109
20731618
20731756
20732924
20733068
20733628
20733928
20733942
20735481
20735658
20735876
20737649
20737841
20738286
20739070
20740447
20740834
20741574
20742571
20742588
20743564
20744124
20744249
20746169
20746235
20746574
20746752
20747017
20748049
20748447
20749485
20749489
20750675
20751030
20751038
20752678
20752737
20752751
20753608
20754071
20754259
20754789
20757005
20759336
20760665
20761264
20762635
