9150566
9150686
9150795
9151284
9151700
9151764
9152694
9152739
9152829
9153217
9153627
9153732
9154441
9154617
9154831
9155113
9155240
9155576
9155997
9156102
9156728
9156783
9157013
9157120
9157244
9157520
9157820
9158124
9158329
9159240
9159817
9160144
9160204
9160302
9160559
9160984
9161303
9161468
9164511
9164668
9166646
9166772
9167192
9167436
9168011
9168343
9168479
9168548
9169006
9169373
9170853
9170979
9171745
9172696
9174241
9174514
9174520
9174801
9174944
9175104
9175196
9175435
9175448
9175455
9175809
9175814
9176123
9176271
9177737
9177942
9178002
9178452
9178844
9178847
9179044
9179285
9179384
9179836
9179896
9180602
9180926
9181554
9181885
9182497
9182966
9183360
9183626
9183659
9184077
9184129
9184195
9184314
9184516
9184722
9184921
9185686
9185704
9186180
9186283
9187579
