2754524
2754728
2754883
2754956
2755471
2755609
2755721
2755807
2755837
2755899
2756200
2756453
2756560
2756616
2756621
2756875
2756941
2757077
2757154
2757323
2757349
2757605
2757701
2757788
2757888
2758078
2758079
2758158
2758455
2758588
2759096
2759206
2759360
2759474
2759755
2759776
2760145
2760694
2760817
2760840
2760896
2761108
2761478
2761484
2761713
2761758
2761956
2761971
2761976
2761996
2762088
2762236
2762273
2762336
2762530
2762626
2762830
2762845
2762949
2762992
2763062
2763084
2763335
2763425
2763722
2763764
2763824
2763891
2764043
2764073
2764098
2764351
2764462
2764493
2764537
2764586
2764596
2764649
2764708
2764723
2764929
2765015
2765092
2765192
2765553
2765569
2765658
2766014
2766130
2766214
2766376
2766465
2766506
2766599
2766621
2766672
2766698
2767024
2767058
2767117
