10454179
10454333
10454335
10455031
10455500
10455803
10456303
10456437
10456452
10456809
10456895
10457230
10457330
10458037
10458255
10458257
10458809
10459031
10459278
10459860
10459939
10460021
10462025
10462396
10462470
10462676
10463048
10463300
10463638
10463697
10463827
10464045
10464303
10464742
10465599
10467448
10469395
10470339
10470870
10470878
10470885
10471126
10471610
10472129
10472769
10472968
10473139
10473703
10473747
10474120
10474153
10474248
10474303
10474323
10474449
10474603
10476207
10476301
10476316
10476341
10476350
10477139
10477190
10477616
10478000
10478183
10478298
10478319
10478477
10478483
10478857
10479768
10482499
10483856
10484016
10484076
10485041
10485228
10485292
10485333
10485602
10486073
10486304
10486464
10486564
10486928
10488071
10488455
10488515
10488543
10488734
10489672
10490031
10490271
10490932
10491503
10491905
10491908
10492561
10492965
