31085269
31085461
31087939
31088432
31088654
31088903
31089017
31091042
31091774
31092077
31093353
31094786
31096759
31098637
31100441
31101296
31103018
31106575
31106788
31107346
31108571
31109187
31109934
31110619
31112858
31115439
31115785
31117781
31118393
31119703
31119915
31122536
31122711
31123215
31123766
31124861
31125193
31126314
31126398
31127184
31129670
31130004
31130296
31130417
31130578
31130644
31130762
31130790
31132971
31133650
31134999
31135055
31136303
31137477
31137843
31138760
31139707
31140231
31140248
31142524
31143471
31144041
31144472
31148940
31151615
31152042
31153594
31154511
31155414
31155777
31157050
31157250
31158949
31159053
31159279
31159786
31164421
31166050
31176813
31177368
31177623
31178296
31180214
31180598
31181647
31182952
31185595
31186851
31189706
31191339
31192441
31193132
31195266
31197525
31200261
31200711
31202981
31205230
31205265
31206390
