15773434
15774416
15774673
15775271
15775608
15776001
15777065
15777518
15777655
15780616
15782495
15784695
15785464
15785480
15785812
15786554
15786985
15789272
15789372
15789504
15789881
15792003
15792203
15792477
15792483
15792538
15792730
15793173
15793417
15794005
15795122
15795340
15795972
15796670
15797108
15797852
15797955
15798512
15799067
15800257
15800387
15800490
15800720
15801547
15801620
15802180
15802222
15802814
15802838
15803474
15804192
15804682
15805470
15805626
15805659
15805976
15806419
15806487
15806679
15806804
15807441
15807524
15807582
15808231
15808730
15809559
15810757
15811910
15812206
15813197
15813519
15813670
15814305
15814517
15815206
15815286
15815887
15816693
15816732
15816970
15816983
15817429
15817523
15817872
15818661
15818958
15819811
15820259
15820525
15820557
15820996
15821437
15821678
15821770
15821929
15822507
15824202
15825884
15827159
15827477
