4858603
4858739
4858747
4859038
4859077
4859142
4859240
4859257
4859271
4859292
4859366
4859437
4859474
4859665
4859881
4860145
4860161
4860421
4860547
4860574
4860648
4860910
4860916
4860935
4861346
4861397
4861484
4861531
4861534
4861650
4862284
4862436
4862549
4862552
4862650
4862703
4862864
4863098
4863310
4863357
4863408
4863470
4863544
4863561
4863585
4863598
4863745
4864336
4864347
4864486
4864592
4864623
4864817
4864997
4865593
4865621
4865639
4865776
4865815
4866141
4866210
4866225
4866445
4866462
4866574
4866633
4866907
4867193
4867294
4867370
4867452
4867563
4867627
4867667
4867814
4867924
4867952
4868069
4868136
4868283
4868300
4868882
4869061
4869188
4869219
4869317
4869323
4869905
4870014
4870052
4870056
4870091
4870118
4870333
4870445
4870498
4870841
4871072
4871445
4871472
