2468117
2468145
2468245
2468309
2468430
2468493
2468602
2468718
2468910
2469207
2469622
2469868
2470102
2470382
2470638
2470677
2470753
2470917
2470930
2471146
2471371
2471639
2471786
2471838
2471992
2472079
2472136
2472209
2472225
2472291
2472466
2472492
2472502
2472767
2473269
2473528
2473529
2473626
2473701
2473788
2473964
2474090
2474185
2474221
2474302
2474507
2474721
2474876
2474891
2474964
2475388
2475408
2475590
2475595
2475995
2476194
2476269
2476440
2476558
2477136
2477211
2477428
2478150
2478394
2478468
2478542
2478676
2478922
2479125
2479444
2479753
2479826
2479923
2480288
2480321
2480426
2481349
2481447
2481528
2481579
2481605
2481631
2481673
2481724
2481728
2481994
2482466
2482889
2482936
2483097
2483222
2483324
2483439
2483537
2483548
2483607
2483707
2483774
2483909
2483913
