3592185
3592684
3592829
3593062
3593257
3593434
3593554
3593962
3594100
3594592
3594840
3594877
3595503
3595687
3595752
3595812
3595927
3596076
3596200
3596298
3596585
3596700
3596726
3597020
3597346
3597604
3597785
3597902
3598123
3598126
3598443
3598607
3598778
3598861
3598873
3598971
3599057
3599082
3599153
3599278
3599311
3599342
3599450
3599576
3599585
3599694
3599753
3599868
3599914
3599944
3600170
3600255
3600446
3600650
3600698
3600795
3601031
3601125
3601144
3601172
3601173
3601859
3602004
3602329
3602867
3603005
3603216
3603515
3603572
3603663
3603751
3604111
3604115
3604293
3604340
3604596
3604756
3604763
3604788
3604835
3604973
3605386
3605409
3605414
3605421
3605501
3605547
3605577
3606030
3606040
3606831
3606833
3607368
3607451
3607461
3607806
3607897
3608048
3608496
3608704
