10694256
10694840
10694903
10695161
10698286
10698529
10699398
10701241
10701300
10701412
10701457
10701935
10702651
10703273
10703324
10703606
10703911
10703938
10704533
10705588
10705807
10706169
10706775
10706802
10707136
10707252
10707732
10708163
10708599
10710754
10711116
10711394
10711874
10712486
10713069
10713358
10714625
10715134
10715579
10715623
10715941
10716427
10716503
10717149
10717157
10717196
10717280
10717517
10717601
10717981
10719056
10719377
10719705
10719850
10720607
10720935
10721135
10722105
10722123
10722177
10722437
10722529
10722725
10722734
10722782
10723143
10723922
10723997
10724005
10724115
10724983
10725123
10725415
10725518
10725530
10725666
10725737
10725769
10725882
10726002
10726015
10726582
10726663
10729119
10730596
10730859
10730898
10730991
10731913
10732520
10733103
10733946
10734022
10734183
10734941
10734982
10735220
10735282
10735390
10735441
