2702878
2702913
2702932
2702990
2703133
2703173
2703297
2703304
2703412
2703471
2703477
2703478
2703479
2703490
2703577
2703599
2703976
2703987
2704007
2704077
2704246
2704344
2704471
2704621
2704703
2704725
2704773
2704798
2704811
2704853
2704901
2704937
2705004
2705022
2705052
2705054
2705156
2705340
2705402
2705468
2705520
2705531
2705722
2706070
2706223
2706441
2706463
2706579
2706654
2706686
2706708
2706804
2706809
2706811
2707131
2707145
2707214
2707302
2707317
2707362
2707533
2707548
2707615
2707618
2707624
2707996
2708494
2708547
2708699
2708867
2708879
2708895
2708947
2708955
2709003
2709072
2709100
2709384
2709417
2709426
2709595
2709642
2709662
2709682
2709744
2709801
2709834
2709875
2709905
2709921
2709976
2710001
2710039
2710062
2710236
2710476
2710558
2710602
2710615
2710728
