6301705
6302006
6303132
6303216
6303302
6303763
6303813
6304233
6304246
6304308
6304434
6304907
6304960
6305093
6305426
6305461
6305533
6305591
6305865
6305870
6306569
6306963
6307000
6307073
6307107
6307238
6308154
6308201
6308370
6308376
6308581
6308829
6310011
6310388
6311137
6311806
6311986
6312222
6312369
6312710
6312915
6313653
6313764
6314101
6314216
6314439
6314541
6314753
6314869
6315029
6315144
6315216
6315281
6315282
6315699
6315964
6316011
6316034
6316112
6316208
6316718
6317124
6318052
6318203
6318268
6318307
6318371
6318938
6319084
6319115
6319150
6319379
6319665
6319721
6319794
6319814
6319938
6320046
6320086
6320218
6320327
6320366
6320369
6320375
6320456
6321410
6322292
6322632
6322902
6323063
6324339
6324545
6325095
6326164
6326200
6327716
6327737
6328549
6328959
6329093
