4200348
4200538
4200551
4200840
4201030
4201387
4201725
4201750
4201978
4202061
4202139
4202252
4202515
4202528
4202604
4202618
4202711
4202720
4202751
4203183
4203886
4203919
4203936
4204135
4204158
4204275
4204672
4204694
4204751
4205059
4205321
4205887
4205983
4206268
4206371
4206390
4206808
4207539
4207649
4207737
4207779
4207810
4207906
4207930
4207956
4208075
4208159
4208378
4208384
4208620
4209104
4209513
4209545
4209566
4209591
4209611
4209624
4209692
4209786
4209856
4209875
4210532
4210736
4210743
4210830
4211140
4211150
4211361
4211480
4211498
4211499
4211508
4211519
4211522
4211565
4211584
4211869
4211873
4211874
4211890
4211926
4212180
4212295
4212431
4212621
4212624
4212644
4212732
4212826
4212830
4212889
4212913
4213114
4213258
4213407
4213519
4213577
4213694
4213701
4213708
