1259337
1259383
1259392
1259453
1259515
1259838
1259891
1260073
1260156
1260210
1260230
1260237
1260291
1260338
1260381
1260443
1260471
1260473
1260575
1260613
1260624
1260783
1260846
1260909
1260958
1261117
1261225
1261246
1261285
1261307
1261885
1261921
1262331
1262425
1262669
1262683
1262748
1262922
1263023
1263069
1263089
1263096
1263202
1263209
1263376
1263387
1263569
1263613
1263742
1263768
1263957
1264102
1264171
1264222
1264253
1264285
1264294
1264502
1264550
1264570
1264649
1264697
1264716
1264769
1264849
1265192
1265230
1265683
1265813
1265887
1266041
1266083
1266137
1266158
1266171
1266176
1266216
1266248
1266250
1266496
1266518
1266547
1266580
1266722
1266729
1266864
1266891
1266896
1266912
1266976
1267006
1267037
1267182
1267555
1267573
1267621
1267706
1267739
1267781
1267789
