16210990
16211200
16211739
16212494
16212824
16212852
16214284
16214910
16215423
16217581
16217929
16218812
16219121
16220154
16220707
16222221
16222341
16222711
16224379
16225534
16226620
16226724
16229138
16229389
16229473
16230685
16231061
16231153
16231968
16232668
16232731
16233047
16233411
16233518
16233561
16233752
16234367
16234523
16235154
16235416
16235606
16235987
16236680
16236915
16237403
16237897
16238024
16238455
16240167
16240274
16240532
16241078
16241457
16242355
16242940
16243451
16243638
16243692
16244103
16244346
16245183
16245876
16246116
16246978
16247265
16247539
16247886
16247949
16248668
16248735
16248993
16249559
16249958
16250021
16250119
16250384
16251668
16251727
16251806
16251870
16252418
16252795
16252868
16254510
16254516
16255689
16255761
16256234
16256873
16256923
16257039
16257378
16257903
16259268
16259366
16259496
16259676
16260123
16261829
16262002
